Property,m0,m1,m2,Result
Property_1,-10,12,-70,0
Property_1,-10,12,-68,0
Property_1,-10,12,-66,0
Property_1,-10,12,-64,0
Property_1,-10,12,-62,0
Property_1,-10,12,-60,0
Property_1,-10,12,-58,0
Property_1,-10,12,-56,0
Property_1,-10,12,-54,0
Property_1,-10,12,-52,0
Property_1,-10,12,-50,0
Property_1,-10,12,-48,0
Property_1,-10,12,-46,0
Property_1,-10,12,-44,0
Property_1,-10,12,-42,0
Property_1,-10,12,-40,0
Property_1,-10,12,-38,0
Property_1,-10,12,-36,0
Property_1,-10,12,-34,0
Property_1,-10,12,-32,0
Property_1,-10,12,-30,0
Property_1,-10,16,-70,0
Property_1,-10,16,-68,0
Property_1,-10,16,-66,0
Property_1,-10,16,-64,0
Property_1,-10,16,-62,0
Property_1,-10,16,-60,0
Property_1,-10,16,-58,0
Property_1,-10,16,-56,0
Property_1,-10,16,-54,0
Property_1,-10,16,-52,0
Property_1,-10,16,-50,0
Property_1,-10,16,-48,0
Property_1,-10,16,-46,0
Property_1,-10,16,-44,0
Property_1,-10,16,-42,0
Property_1,-10,16,-40,0
Property_1,-10,16,-38,0
Property_1,-10,16,-36,0
Property_1,-10,16,-34,0
Property_1,-10,16,-32,0
Property_1,-10,16,-30,0
Property_1,-10,20,-70,0.00937950937951
Property_1,-10,20,-68,0.00937950937951
Property_1,-10,20,-66,0.00937950937951
Property_1,-10,20,-64,0.00937950937951
Property_1,-10,20,-62,0.00937950937951
Property_1,-10,20,-60,0.00937950937951
Property_1,-10,20,-58,0.00937950937951
Property_1,-10,20,-56,0.00937950937951
Property_1,-10,20,-54,0.00937950937951
Property_1,-10,20,-52,0.00937950937951
Property_1,-10,20,-50,0.00937950937951
Property_1,-10,20,-48,0.00937950937951
Property_1,-10,20,-46,0.00937950937951
Property_1,-10,20,-44,0.00937950937951
Property_1,-10,20,-42,0.00937950937951
Property_1,-10,20,-40,0.00937950937951
Property_1,-10,20,-38,0.00937950937951
Property_1,-10,20,-36,0.00937950937951
Property_1,-10,20,-34,0.00937950937951
Property_1,-10,20,-32,0
Property_1,-10,20,-30,0
Property_1,-10,24,-70,0.405995911447
Property_1,-10,24,-68,0.405995911447
Property_1,-10,24,-66,0.405995911447
Property_1,-10,24,-64,0.405995911447
Property_1,-10,24,-62,0.405720043524
Property_1,-10,24,-60,0.405720043524
Property_1,-10,24,-58,0.405720043524
Property_1,-10,24,-56,0.405720043524
Property_1,-10,24,-54,0.405720043524
Property_1,-10,24,-52,0.405720043524
Property_1,-10,24,-50,0.405720043524
Property_1,-10,24,-48,0.405720043524
Property_1,-10,24,-46,0.405720043524
Property_1,-10,24,-44,0.405720043524
Property_1,-10,24,-42,0.405622340301
Property_1,-10,24,-40,0.405622340301
Property_1,-10,24,-38,0.405622340301
Property_1,-10,24,-36,0.405343113676
Property_1,-10,24,-34,0.405343113676
Property_1,-10,24,-32,0
Property_1,-10,24,-30,0
Property_1,-10,28,-70,0.505803198103
Property_1,-10,28,-68,0.505803198103
Property_1,-10,28,-66,0.505803198103
Property_1,-10,28,-64,0.505803198103
Property_1,-10,28,-62,0.496050117578
Property_1,-10,28,-60,0.496050117578
Property_1,-10,28,-58,0.496050117578
Property_1,-10,28,-56,0.496050117578
Property_1,-10,28,-54,0.496050117578
Property_1,-10,28,-52,0.496050117578
Property_1,-10,28,-50,0.496050117578
Property_1,-10,28,-48,0.496050117578
Property_1,-10,28,-46,0.496050117578
Property_1,-10,28,-44,0.496050117578
Property_1,-10,28,-42,0.495899804928
Property_1,-10,28,-40,0.495899804928
Property_1,-10,28,-38,0.485798794827
Property_1,-10,28,-36,0.485798794827
Property_1,-10,28,-34,0.485798794827
Property_1,-10,28,-32,0
Property_1,-10,28,-30,0
Property_1,-10,32,-70,0.509919554241
Property_1,-10,32,-68,0.509919554241
Property_1,-10,32,-66,0.509919554241
Property_1,-10,32,-64,0.509919554241
Property_1,-10,32,-62,0.496050117578
Property_1,-10,32,-60,0.496050117578
Property_1,-10,32,-58,0.496050117578
Property_1,-10,32,-56,0.496050117578
Property_1,-10,32,-54,0.496050117578
Property_1,-10,32,-52,0.496050117578
Property_1,-10,32,-50,0.496050117578
Property_1,-10,32,-48,0.496050117578
Property_1,-10,32,-46,0.496050117578
Property_1,-10,32,-44,0.496050117578
Property_1,-10,32,-42,0.496050117578
Property_1,-10,32,-40,0.496050117578
Property_1,-10,32,-38,0.485798794827
Property_1,-10,32,-36,0.485798794827
Property_1,-10,32,-34,0.485798794827
Property_1,-10,32,-32,0
Property_1,-10,32,-30,0
Property_1,-10,36,-70,0.509919554241
Property_1,-10,36,-68,0.509919554241
Property_1,-10,36,-66,0.509919554241
Property_1,-10,36,-64,0.509919554241
Property_1,-10,36,-62,0.496050117578
Property_1,-10,36,-60,0.496050117578
Property_1,-10,36,-58,0.496050117578
Property_1,-10,36,-56,0.496050117578
Property_1,-10,36,-54,0.496050117578
Property_1,-10,36,-52,0.496050117578
Property_1,-10,36,-50,0.496050117578
Property_1,-10,36,-48,0.496050117578
Property_1,-10,36,-46,0.496050117578
Property_1,-10,36,-44,0.496050117578
Property_1,-10,36,-42,0.496050117578
Property_1,-10,36,-40,0.496050117578
Property_1,-10,36,-38,0.485798794827
Property_1,-10,36,-36,0.485798794827
Property_1,-10,36,-34,0.485798794827
Property_1,-10,36,-32,0
Property_1,-10,36,-30,0
Property_1,-8,12,-70,0
Property_1,-8,12,-68,0
Property_1,-8,12,-66,0
Property_1,-8,12,-64,0
Property_1,-8,12,-62,0
Property_1,-8,12,-60,0
Property_1,-8,12,-58,0
Property_1,-8,12,-56,0
Property_1,-8,12,-54,0
Property_1,-8,12,-52,0
Property_1,-8,12,-50,0
Property_1,-8,12,-48,0
Property_1,-8,12,-46,0
Property_1,-8,12,-44,0
Property_1,-8,12,-42,0
Property_1,-8,12,-40,0
Property_1,-8,12,-38,0
Property_1,-8,12,-36,0
Property_1,-8,12,-34,0
Property_1,-8,12,-32,0
Property_1,-8,12,-30,0
Property_1,-8,16,-70,0
Property_1,-8,16,-68,0
Property_1,-8,16,-66,0
Property_1,-8,16,-64,0
Property_1,-8,16,-62,0
Property_1,-8,16,-60,0
Property_1,-8,16,-58,0
Property_1,-8,16,-56,0
Property_1,-8,16,-54,0
Property_1,-8,16,-52,0
Property_1,-8,16,-50,0
Property_1,-8,16,-48,0
Property_1,-8,16,-46,0
Property_1,-8,16,-44,0
Property_1,-8,16,-42,0
Property_1,-8,16,-40,0
Property_1,-8,16,-38,0
Property_1,-8,16,-36,0
Property_1,-8,16,-34,0
Property_1,-8,16,-32,0
Property_1,-8,16,-30,0
Property_1,-8,20,-70,0.00937950937951
Property_1,-8,20,-68,0.00937950937951
Property_1,-8,20,-66,0.00937950937951
Property_1,-8,20,-64,0.00937950937951
Property_1,-8,20,-62,0.00937950937951
Property_1,-8,20,-60,0.00937950937951
Property_1,-8,20,-58,0.00937950937951
Property_1,-8,20,-56,0.00937950937951
Property_1,-8,20,-54,0.00937950937951
Property_1,-8,20,-52,0.00937950937951
Property_1,-8,20,-50,0.00937950937951
Property_1,-8,20,-48,0.00937950937951
Property_1,-8,20,-46,0.00937950937951
Property_1,-8,20,-44,0.00937950937951
Property_1,-8,20,-42,0.00937950937951
Property_1,-8,20,-40,0.00937950937951
Property_1,-8,20,-38,0.00937950937951
Property_1,-8,20,-36,0.00937950937951
Property_1,-8,20,-34,0.00937950937951
Property_1,-8,20,-32,0
Property_1,-8,20,-30,0
Property_1,-8,24,-70,0.405995911447
Property_1,-8,24,-68,0.405995911447
Property_1,-8,24,-66,0.405995911447
Property_1,-8,24,-64,0.405995911447
Property_1,-8,24,-62,0.405720043524
Property_1,-8,24,-60,0.405720043524
Property_1,-8,24,-58,0.405720043524
Property_1,-8,24,-56,0.405720043524
Property_1,-8,24,-54,0.405720043524
Property_1,-8,24,-52,0.405720043524
Property_1,-8,24,-50,0.405720043524
Property_1,-8,24,-48,0.405720043524
Property_1,-8,24,-46,0.405720043524
Property_1,-8,24,-44,0.405720043524
Property_1,-8,24,-42,0.405622340301
Property_1,-8,24,-40,0.405622340301
Property_1,-8,24,-38,0.405622340301
Property_1,-8,24,-36,0.405343113676
Property_1,-8,24,-34,0.405343113676
Property_1,-8,24,-32,0
Property_1,-8,24,-30,0
Property_1,-8,28,-70,0.505153759034
Property_1,-8,28,-68,0.505153759034
Property_1,-8,28,-66,0.505153759034
Property_1,-8,28,-64,0.505153759034
Property_1,-8,28,-62,0.496050117578
Property_1,-8,28,-60,0.496050117578
Property_1,-8,28,-58,0.496050117578
Property_1,-8,28,-56,0.496050117578
Property_1,-8,28,-54,0.496050117578
Property_1,-8,28,-52,0.496050117578
Property_1,-8,28,-50,0.496050117578
Property_1,-8,28,-48,0.496050117578
Property_1,-8,28,-46,0.496050117578
Property_1,-8,28,-44,0.496050117578
Property_1,-8,28,-42,0.495899804928
Property_1,-8,28,-40,0.495899804928
Property_1,-8,28,-38,0.485798794827
Property_1,-8,28,-36,0.485798794827
Property_1,-8,28,-34,0.485798794827
Property_1,-8,28,-32,0
Property_1,-8,28,-30,0
Property_1,-8,32,-70,0.505153759034
Property_1,-8,32,-68,0.505153759034
Property_1,-8,32,-66,0.505153759034
Property_1,-8,32,-64,0.505153759034
Property_1,-8,32,-62,0.496050117578
Property_1,-8,32,-60,0.496050117578
Property_1,-8,32,-58,0.496050117578
Property_1,-8,32,-56,0.496050117578
Property_1,-8,32,-54,0.496050117578
Property_1,-8,32,-52,0.496050117578
Property_1,-8,32,-50,0.496050117578
Property_1,-8,32,-48,0.496050117578
Property_1,-8,32,-46,0.496050117578
Property_1,-8,32,-44,0.496050117578
Property_1,-8,32,-42,0.496050117578
Property_1,-8,32,-40,0.496050117578
Property_1,-8,32,-38,0.485798794827
Property_1,-8,32,-36,0.485798794827
Property_1,-8,32,-34,0.485798794827
Property_1,-8,32,-32,0
Property_1,-8,32,-30,0
Property_1,-8,36,-70,0.505153759034
Property_1,-8,36,-68,0.505153759034
Property_1,-8,36,-66,0.505153759034
Property_1,-8,36,-64,0.505153759034
Property_1,-8,36,-62,0.496050117578
Property_1,-8,36,-60,0.496050117578
Property_1,-8,36,-58,0.496050117578
Property_1,-8,36,-56,0.496050117578
Property_1,-8,36,-54,0.496050117578
Property_1,-8,36,-52,0.496050117578
Property_1,-8,36,-50,0.496050117578
Property_1,-8,36,-48,0.496050117578
Property_1,-8,36,-46,0.496050117578
Property_1,-8,36,-44,0.496050117578
Property_1,-8,36,-42,0.496050117578
Property_1,-8,36,-40,0.496050117578
Property_1,-8,36,-38,0.485798794827
Property_1,-8,36,-36,0.485798794827
Property_1,-8,36,-34,0.485798794827
Property_1,-8,36,-32,0
Property_1,-8,36,-30,0
Property_1,-6,12,-70,0
Property_1,-6,12,-68,0
Property_1,-6,12,-66,0
Property_1,-6,12,-64,0
Property_1,-6,12,-62,0
Property_1,-6,12,-60,0
Property_1,-6,12,-58,0
Property_1,-6,12,-56,0
Property_1,-6,12,-54,0
Property_1,-6,12,-52,0
Property_1,-6,12,-50,0
Property_1,-6,12,-48,0
Property_1,-6,12,-46,0
Property_1,-6,12,-44,0
Property_1,-6,12,-42,0
Property_1,-6,12,-40,0
Property_1,-6,12,-38,0
Property_1,-6,12,-36,0
Property_1,-6,12,-34,0
Property_1,-6,12,-32,0
Property_1,-6,12,-30,0
Property_1,-6,16,-70,0
Property_1,-6,16,-68,0
Property_1,-6,16,-66,0
Property_1,-6,16,-64,0
Property_1,-6,16,-62,0
Property_1,-6,16,-60,0
Property_1,-6,16,-58,0
Property_1,-6,16,-56,0
Property_1,-6,16,-54,0
Property_1,-6,16,-52,0
Property_1,-6,16,-50,0
Property_1,-6,16,-48,0
Property_1,-6,16,-46,0
Property_1,-6,16,-44,0
Property_1,-6,16,-42,0
Property_1,-6,16,-40,0
Property_1,-6,16,-38,0
Property_1,-6,16,-36,0
Property_1,-6,16,-34,0
Property_1,-6,16,-32,0
Property_1,-6,16,-30,0
Property_1,-6,20,-70,0.00937950937951
Property_1,-6,20,-68,0.00937950937951
Property_1,-6,20,-66,0.00937950937951
Property_1,-6,20,-64,0.00937950937951
Property_1,-6,20,-62,0.00937950937951
Property_1,-6,20,-60,0.00937950937951
Property_1,-6,20,-58,0.00937950937951
Property_1,-6,20,-56,0.00937950937951
Property_1,-6,20,-54,0.00937950937951
Property_1,-6,20,-52,0.00937950937951
Property_1,-6,20,-50,0.00937950937951
Property_1,-6,20,-48,0.00937950937951
Property_1,-6,20,-46,0.00937950937951
Property_1,-6,20,-44,0.00937950937951
Property_1,-6,20,-42,0.00937950937951
Property_1,-6,20,-40,0.00937950937951
Property_1,-6,20,-38,0.00937950937951
Property_1,-6,20,-36,0.00937950937951
Property_1,-6,20,-34,0.00937950937951
Property_1,-6,20,-32,0
Property_1,-6,20,-30,0
Property_1,-6,24,-70,0.405898208224
Property_1,-6,24,-68,0.405898208224
Property_1,-6,24,-66,0.405898208224
Property_1,-6,24,-64,0.405898208224
Property_1,-6,24,-62,0.405622340301
Property_1,-6,24,-60,0.405622340301
Property_1,-6,24,-58,0.405622340301
Property_1,-6,24,-56,0.405622340301
Property_1,-6,24,-54,0.405622340301
Property_1,-6,24,-52,0.405622340301
Property_1,-6,24,-50,0.405622340301
Property_1,-6,24,-48,0.405622340301
Property_1,-6,24,-46,0.405622340301
Property_1,-6,24,-44,0.405622340301
Property_1,-6,24,-42,0.405622340301
Property_1,-6,24,-40,0.405622340301
Property_1,-6,24,-38,0.405622340301
Property_1,-6,24,-36,0.405343113676
Property_1,-6,24,-34,0.405343113676
Property_1,-6,24,-32,0
Property_1,-6,24,-30,0
Property_1,-6,28,-70,0.505003446384
Property_1,-6,28,-68,0.505003446384
Property_1,-6,28,-66,0.505003446384
Property_1,-6,28,-64,0.505003446384
Property_1,-6,28,-62,0.495899804928
Property_1,-6,28,-60,0.495899804928
Property_1,-6,28,-58,0.495899804928
Property_1,-6,28,-56,0.495899804928
Property_1,-6,28,-54,0.495899804928
Property_1,-6,28,-52,0.495899804928
Property_1,-6,28,-50,0.495899804928
Property_1,-6,28,-48,0.495899804928
Property_1,-6,28,-46,0.495899804928
Property_1,-6,28,-44,0.495899804928
Property_1,-6,28,-42,0.495899804928
Property_1,-6,28,-40,0.495899804928
Property_1,-6,28,-38,0.485798794827
Property_1,-6,28,-36,0.485798794827
Property_1,-6,28,-34,0.485798794827
Property_1,-6,28,-32,0
Property_1,-6,28,-30,0
Property_1,-6,32,-70,0.505153759034
Property_1,-6,32,-68,0.505153759034
Property_1,-6,32,-66,0.505153759034
Property_1,-6,32,-64,0.505153759034
Property_1,-6,32,-62,0.496050117578
Property_1,-6,32,-60,0.496050117578
Property_1,-6,32,-58,0.496050117578
Property_1,-6,32,-56,0.496050117578
Property_1,-6,32,-54,0.496050117578
Property_1,-6,32,-52,0.496050117578
Property_1,-6,32,-50,0.496050117578
Property_1,-6,32,-48,0.496050117578
Property_1,-6,32,-46,0.496050117578
Property_1,-6,32,-44,0.496050117578
Property_1,-6,32,-42,0.496050117578
Property_1,-6,32,-40,0.496050117578
Property_1,-6,32,-38,0.485798794827
Property_1,-6,32,-36,0.485798794827
Property_1,-6,32,-34,0.485798794827
Property_1,-6,32,-32,0
Property_1,-6,32,-30,0
Property_1,-6,36,-70,0.505153759034
Property_1,-6,36,-68,0.505153759034
Property_1,-6,36,-66,0.505153759034
Property_1,-6,36,-64,0.505153759034
Property_1,-6,36,-62,0.496050117578
Property_1,-6,36,-60,0.496050117578
Property_1,-6,36,-58,0.496050117578
Property_1,-6,36,-56,0.496050117578
Property_1,-6,36,-54,0.496050117578
Property_1,-6,36,-52,0.496050117578
Property_1,-6,36,-50,0.496050117578
Property_1,-6,36,-48,0.496050117578
Property_1,-6,36,-46,0.496050117578
Property_1,-6,36,-44,0.496050117578
Property_1,-6,36,-42,0.496050117578
Property_1,-6,36,-40,0.496050117578
Property_1,-6,36,-38,0.485798794827
Property_1,-6,36,-36,0.485798794827
Property_1,-6,36,-34,0.485798794827
Property_1,-6,36,-32,0
Property_1,-6,36,-30,0
Property_1,-4,12,-70,0
Property_1,-4,12,-68,0
Property_1,-4,12,-66,0
Property_1,-4,12,-64,0
Property_1,-4,12,-62,0
Property_1,-4,12,-60,0
Property_1,-4,12,-58,0
Property_1,-4,12,-56,0
Property_1,-4,12,-54,0
Property_1,-4,12,-52,0
Property_1,-4,12,-50,0
Property_1,-4,12,-48,0
Property_1,-4,12,-46,0
Property_1,-4,12,-44,0
Property_1,-4,12,-42,0
Property_1,-4,12,-40,0
Property_1,-4,12,-38,0
Property_1,-4,12,-36,0
Property_1,-4,12,-34,0
Property_1,-4,12,-32,0
Property_1,-4,12,-30,0
Property_1,-4,16,-70,0
Property_1,-4,16,-68,0
Property_1,-4,16,-66,0
Property_1,-4,16,-64,0
Property_1,-4,16,-62,0
Property_1,-4,16,-60,0
Property_1,-4,16,-58,0
Property_1,-4,16,-56,0
Property_1,-4,16,-54,0
Property_1,-4,16,-52,0
Property_1,-4,16,-50,0
Property_1,-4,16,-48,0
Property_1,-4,16,-46,0
Property_1,-4,16,-44,0
Property_1,-4,16,-42,0
Property_1,-4,16,-40,0
Property_1,-4,16,-38,0
Property_1,-4,16,-36,0
Property_1,-4,16,-34,0
Property_1,-4,16,-32,0
Property_1,-4,16,-30,0
Property_1,-4,20,-70,0.00937950937951
Property_1,-4,20,-68,0.00937950937951
Property_1,-4,20,-66,0.00937950937951
Property_1,-4,20,-64,0.00937950937951
Property_1,-4,20,-62,0.00937950937951
Property_1,-4,20,-60,0.00937950937951
Property_1,-4,20,-58,0.00937950937951
Property_1,-4,20,-56,0.00937950937951
Property_1,-4,20,-54,0.00937950937951
Property_1,-4,20,-52,0.00937950937951
Property_1,-4,20,-50,0.00937950937951
Property_1,-4,20,-48,0.00937950937951
Property_1,-4,20,-46,0.00937950937951
Property_1,-4,20,-44,0.00937950937951
Property_1,-4,20,-42,0.00937950937951
Property_1,-4,20,-40,0.00937950937951
Property_1,-4,20,-38,0.00937950937951
Property_1,-4,20,-36,0.00937950937951
Property_1,-4,20,-34,0.00937950937951
Property_1,-4,20,-32,0
Property_1,-4,20,-30,0
Property_1,-4,24,-70,0.405898208224
Property_1,-4,24,-68,0.405898208224
Property_1,-4,24,-66,0.405898208224
Property_1,-4,24,-64,0.405898208224
Property_1,-4,24,-62,0.405622340301
Property_1,-4,24,-60,0.405622340301
Property_1,-4,24,-58,0.405622340301
Property_1,-4,24,-56,0.405622340301
Property_1,-4,24,-54,0.405622340301
Property_1,-4,24,-52,0.405622340301
Property_1,-4,24,-50,0.405622340301
Property_1,-4,24,-48,0.405622340301
Property_1,-4,24,-46,0.405622340301
Property_1,-4,24,-44,0.405622340301
Property_1,-4,24,-42,0.405622340301
Property_1,-4,24,-40,0.405622340301
Property_1,-4,24,-38,0.405622340301
Property_1,-4,24,-36,0.405343113676
Property_1,-4,24,-34,0.405343113676
Property_1,-4,24,-32,0
Property_1,-4,24,-30,0
Property_1,-4,28,-70,0.505003446384
Property_1,-4,28,-68,0.505003446384
Property_1,-4,28,-66,0.505003446384
Property_1,-4,28,-64,0.505003446384
Property_1,-4,28,-62,0.495899804928
Property_1,-4,28,-60,0.495899804928
Property_1,-4,28,-58,0.495899804928
Property_1,-4,28,-56,0.495899804928
Property_1,-4,28,-54,0.495899804928
Property_1,-4,28,-52,0.495899804928
Property_1,-4,28,-50,0.495899804928
Property_1,-4,28,-48,0.495899804928
Property_1,-4,28,-46,0.495899804928
Property_1,-4,28,-44,0.495899804928
Property_1,-4,28,-42,0.495899804928
Property_1,-4,28,-40,0.495899804928
Property_1,-4,28,-38,0.485798794827
Property_1,-4,28,-36,0.485798794827
Property_1,-4,28,-34,0.485798794827
Property_1,-4,28,-32,0
Property_1,-4,28,-30,0
Property_1,-4,32,-70,0.505153759034
Property_1,-4,32,-68,0.505153759034
Property_1,-4,32,-66,0.505153759034
Property_1,-4,32,-64,0.505153759034
Property_1,-4,32,-62,0.496050117578
Property_1,-4,32,-60,0.496050117578
Property_1,-4,32,-58,0.496050117578
Property_1,-4,32,-56,0.496050117578
Property_1,-4,32,-54,0.496050117578
Property_1,-4,32,-52,0.496050117578
Property_1,-4,32,-50,0.496050117578
Property_1,-4,32,-48,0.496050117578
Property_1,-4,32,-46,0.496050117578
Property_1,-4,32,-44,0.496050117578
Property_1,-4,32,-42,0.496050117578
Property_1,-4,32,-40,0.496050117578
Property_1,-4,32,-38,0.485798794827
Property_1,-4,32,-36,0.485798794827
Property_1,-4,32,-34,0.485798794827
Property_1,-4,32,-32,0
Property_1,-4,32,-30,0
Property_1,-4,36,-70,0.505153759034
Property_1,-4,36,-68,0.505153759034
Property_1,-4,36,-66,0.505153759034
Property_1,-4,36,-64,0.505153759034
Property_1,-4,36,-62,0.496050117578
Property_1,-4,36,-60,0.496050117578
Property_1,-4,36,-58,0.496050117578
Property_1,-4,36,-56,0.496050117578
Property_1,-4,36,-54,0.496050117578
Property_1,-4,36,-52,0.496050117578
Property_1,-4,36,-50,0.496050117578
Property_1,-4,36,-48,0.496050117578
Property_1,-4,36,-46,0.496050117578
Property_1,-4,36,-44,0.496050117578
Property_1,-4,36,-42,0.496050117578
Property_1,-4,36,-40,0.496050117578
Property_1,-4,36,-38,0.485798794827
Property_1,-4,36,-36,0.485798794827
Property_1,-4,36,-34,0.485798794827
Property_1,-4,36,-32,0
Property_1,-4,36,-30,0
Property_1,-2,12,-70,0
Property_1,-2,12,-68,0
Property_1,-2,12,-66,0
Property_1,-2,12,-64,0
Property_1,-2,12,-62,0
Property_1,-2,12,-60,0
Property_1,-2,12,-58,0
Property_1,-2,12,-56,0
Property_1,-2,12,-54,0
Property_1,-2,12,-52,0
Property_1,-2,12,-50,0
Property_1,-2,12,-48,0
Property_1,-2,12,-46,0
Property_1,-2,12,-44,0
Property_1,-2,12,-42,0
Property_1,-2,12,-40,0
Property_1,-2,12,-38,0
Property_1,-2,12,-36,0
Property_1,-2,12,-34,0
Property_1,-2,12,-32,0
Property_1,-2,12,-30,0
Property_1,-2,16,-70,0
Property_1,-2,16,-68,0
Property_1,-2,16,-66,0
Property_1,-2,16,-64,0
Property_1,-2,16,-62,0
Property_1,-2,16,-60,0
Property_1,-2,16,-58,0
Property_1,-2,16,-56,0
Property_1,-2,16,-54,0
Property_1,-2,16,-52,0
Property_1,-2,16,-50,0
Property_1,-2,16,-48,0
Property_1,-2,16,-46,0
Property_1,-2,16,-44,0
Property_1,-2,16,-42,0
Property_1,-2,16,-40,0
Property_1,-2,16,-38,0
Property_1,-2,16,-36,0
Property_1,-2,16,-34,0
Property_1,-2,16,-32,0
Property_1,-2,16,-30,0
Property_1,-2,20,-70,0.00937950937951
Property_1,-2,20,-68,0.00937950937951
Property_1,-2,20,-66,0.00937950937951
Property_1,-2,20,-64,0.00937950937951
Property_1,-2,20,-62,0.00937950937951
Property_1,-2,20,-60,0.00937950937951
Property_1,-2,20,-58,0.00937950937951
Property_1,-2,20,-56,0.00937950937951
Property_1,-2,20,-54,0.00937950937951
Property_1,-2,20,-52,0.00937950937951
Property_1,-2,20,-50,0.00937950937951
Property_1,-2,20,-48,0.00937950937951
Property_1,-2,20,-46,0.00937950937951
Property_1,-2,20,-44,0.00937950937951
Property_1,-2,20,-42,0.00937950937951
Property_1,-2,20,-40,0.00937950937951
Property_1,-2,20,-38,0.00937950937951
Property_1,-2,20,-36,0.00937950937951
Property_1,-2,20,-34,0.00937950937951
Property_1,-2,20,-32,0
Property_1,-2,20,-30,0
Property_1,-2,24,-70,0.405898208224
Property_1,-2,24,-68,0.405898208224
Property_1,-2,24,-66,0.405898208224
Property_1,-2,24,-64,0.405898208224
Property_1,-2,24,-62,0.405622340301
Property_1,-2,24,-60,0.405622340301
Property_1,-2,24,-58,0.405622340301
Property_1,-2,24,-56,0.405622340301
Property_1,-2,24,-54,0.405622340301
Property_1,-2,24,-52,0.405622340301
Property_1,-2,24,-50,0.405622340301
Property_1,-2,24,-48,0.405622340301
Property_1,-2,24,-46,0.405622340301
Property_1,-2,24,-44,0.405622340301
Property_1,-2,24,-42,0.405622340301
Property_1,-2,24,-40,0.405622340301
Property_1,-2,24,-38,0.405622340301
Property_1,-2,24,-36,0.405343113676
Property_1,-2,24,-34,0.405343113676
Property_1,-2,24,-32,0
Property_1,-2,24,-30,0
Property_1,-2,28,-70,0.494902436283
Property_1,-2,28,-68,0.494902436283
Property_1,-2,28,-66,0.494902436283
Property_1,-2,28,-64,0.494902436283
Property_1,-2,28,-62,0.485798794827
Property_1,-2,28,-60,0.485798794827
Property_1,-2,28,-58,0.485798794827
Property_1,-2,28,-56,0.485798794827
Property_1,-2,28,-54,0.485798794827
Property_1,-2,28,-52,0.485798794827
Property_1,-2,28,-50,0.485798794827
Property_1,-2,28,-48,0.485798794827
Property_1,-2,28,-46,0.485798794827
Property_1,-2,28,-44,0.485798794827
Property_1,-2,28,-42,0.485798794827
Property_1,-2,28,-40,0.485798794827
Property_1,-2,28,-38,0.485798794827
Property_1,-2,28,-36,0.485798794827
Property_1,-2,28,-34,0.485798794827
Property_1,-2,28,-32,0
Property_1,-2,28,-30,0
Property_1,-2,32,-70,0.494902436283
Property_1,-2,32,-68,0.494902436283
Property_1,-2,32,-66,0.494902436283
Property_1,-2,32,-64,0.494902436283
Property_1,-2,32,-62,0.485798794827
Property_1,-2,32,-60,0.485798794827
Property_1,-2,32,-58,0.485798794827
Property_1,-2,32,-56,0.485798794827
Property_1,-2,32,-54,0.485798794827
Property_1,-2,32,-52,0.485798794827
Property_1,-2,32,-50,0.485798794827
Property_1,-2,32,-48,0.485798794827
Property_1,-2,32,-46,0.485798794827
Property_1,-2,32,-44,0.485798794827
Property_1,-2,32,-42,0.485798794827
Property_1,-2,32,-40,0.485798794827
Property_1,-2,32,-38,0.485798794827
Property_1,-2,32,-36,0.485798794827
Property_1,-2,32,-34,0.485798794827
Property_1,-2,32,-32,0
Property_1,-2,32,-30,0
Property_1,-2,36,-70,0.494902436283
Property_1,-2,36,-68,0.494902436283
Property_1,-2,36,-66,0.494902436283
Property_1,-2,36,-64,0.494902436283
Property_1,-2,36,-62,0.485798794827
Property_1,-2,36,-60,0.485798794827
Property_1,-2,36,-58,0.485798794827
Property_1,-2,36,-56,0.485798794827
Property_1,-2,36,-54,0.485798794827
Property_1,-2,36,-52,0.485798794827
Property_1,-2,36,-50,0.485798794827
Property_1,-2,36,-48,0.485798794827
Property_1,-2,36,-46,0.485798794827
Property_1,-2,36,-44,0.485798794827
Property_1,-2,36,-42,0.485798794827
Property_1,-2,36,-40,0.485798794827
Property_1,-2,36,-38,0.485798794827
Property_1,-2,36,-36,0.485798794827
Property_1,-2,36,-34,0.485798794827
Property_1,-2,36,-32,0
Property_1,-2,36,-30,0
Property_1,0,12,-70,0
Property_1,0,12,-68,0
Property_1,0,12,-66,0
Property_1,0,12,-64,0
Property_1,0,12,-62,0
Property_1,0,12,-60,0
Property_1,0,12,-58,0
Property_1,0,12,-56,0
Property_1,0,12,-54,0
Property_1,0,12,-52,0
Property_1,0,12,-50,0
Property_1,0,12,-48,0
Property_1,0,12,-46,0
Property_1,0,12,-44,0
Property_1,0,12,-42,0
Property_1,0,12,-40,0
Property_1,0,12,-38,0
Property_1,0,12,-36,0
Property_1,0,12,-34,0
Property_1,0,12,-32,0
Property_1,0,12,-30,0
Property_1,0,16,-70,0
Property_1,0,16,-68,0
Property_1,0,16,-66,0
Property_1,0,16,-64,0
Property_1,0,16,-62,0
Property_1,0,16,-60,0
Property_1,0,16,-58,0
Property_1,0,16,-56,0
Property_1,0,16,-54,0
Property_1,0,16,-52,0
Property_1,0,16,-50,0
Property_1,0,16,-48,0
Property_1,0,16,-46,0
Property_1,0,16,-44,0
Property_1,0,16,-42,0
Property_1,0,16,-40,0
Property_1,0,16,-38,0
Property_1,0,16,-36,0
Property_1,0,16,-34,0
Property_1,0,16,-32,0
Property_1,0,16,-30,0
Property_1,0,20,-70,0.00937950937951
Property_1,0,20,-68,0.00937950937951
Property_1,0,20,-66,0.00937950937951
Property_1,0,20,-64,0.00937950937951
Property_1,0,20,-62,0.00937950937951
Property_1,0,20,-60,0.00937950937951
Property_1,0,20,-58,0.00937950937951
Property_1,0,20,-56,0.00937950937951
Property_1,0,20,-54,0.00937950937951
Property_1,0,20,-52,0.00937950937951
Property_1,0,20,-50,0.00937950937951
Property_1,0,20,-48,0.00937950937951
Property_1,0,20,-46,0.00937950937951
Property_1,0,20,-44,0.00937950937951
Property_1,0,20,-42,0.00937950937951
Property_1,0,20,-40,0.00937950937951
Property_1,0,20,-38,0.00937950937951
Property_1,0,20,-36,0.00937950937951
Property_1,0,20,-34,0.00937950937951
Property_1,0,20,-32,0
Property_1,0,20,-30,0
Property_1,0,24,-70,0.405618981599
Property_1,0,24,-68,0.405618981599
Property_1,0,24,-66,0.405618981599
Property_1,0,24,-64,0.405618981599
Property_1,0,24,-62,0.405343113676
Property_1,0,24,-60,0.405343113676
Property_1,0,24,-58,0.405343113676
Property_1,0,24,-56,0.405343113676
Property_1,0,24,-54,0.405343113676
Property_1,0,24,-52,0.405343113676
Property_1,0,24,-50,0.405343113676
Property_1,0,24,-48,0.405343113676
Property_1,0,24,-46,0.405343113676
Property_1,0,24,-44,0.405343113676
Property_1,0,24,-42,0.405343113676
Property_1,0,24,-40,0.405343113676
Property_1,0,24,-38,0.405343113676
Property_1,0,24,-36,0.405343113676
Property_1,0,24,-34,0.405343113676
Property_1,0,24,-32,0
Property_1,0,24,-30,0
Property_1,0,28,-70,0.494902436283
Property_1,0,28,-68,0.494902436283
Property_1,0,28,-66,0.494902436283
Property_1,0,28,-64,0.494902436283
Property_1,0,28,-62,0.485798794827
Property_1,0,28,-60,0.485798794827
Property_1,0,28,-58,0.485798794827
Property_1,0,28,-56,0.485798794827
Property_1,0,28,-54,0.485798794827
Property_1,0,28,-52,0.485798794827
Property_1,0,28,-50,0.485798794827
Property_1,0,28,-48,0.485798794827
Property_1,0,28,-46,0.485798794827
Property_1,0,28,-44,0.485798794827
Property_1,0,28,-42,0.485798794827
Property_1,0,28,-40,0.485798794827
Property_1,0,28,-38,0.485798794827
Property_1,0,28,-36,0.485798794827
Property_1,0,28,-34,0.485798794827
Property_1,0,28,-32,0
Property_1,0,28,-30,0
Property_1,0,32,-70,0.494902436283
Property_1,0,32,-68,0.494902436283
Property_1,0,32,-66,0.494902436283
Property_1,0,32,-64,0.494902436283
Property_1,0,32,-62,0.485798794827
Property_1,0,32,-60,0.485798794827
Property_1,0,32,-58,0.485798794827
Property_1,0,32,-56,0.485798794827
Property_1,0,32,-54,0.485798794827
Property_1,0,32,-52,0.485798794827
Property_1,0,32,-50,0.485798794827
Property_1,0,32,-48,0.485798794827
Property_1,0,32,-46,0.485798794827
Property_1,0,32,-44,0.485798794827
Property_1,0,32,-42,0.485798794827
Property_1,0,32,-40,0.485798794827
Property_1,0,32,-38,0.485798794827
Property_1,0,32,-36,0.485798794827
Property_1,0,32,-34,0.485798794827
Property_1,0,32,-32,0
Property_1,0,32,-30,0
Property_1,0,36,-70,0.494902436283
Property_1,0,36,-68,0.494902436283
Property_1,0,36,-66,0.494902436283
Property_1,0,36,-64,0.494902436283
Property_1,0,36,-62,0.485798794827
Property_1,0,36,-60,0.485798794827
Property_1,0,36,-58,0.485798794827
Property_1,0,36,-56,0.485798794827
Property_1,0,36,-54,0.485798794827
Property_1,0,36,-52,0.485798794827
Property_1,0,36,-50,0.485798794827
Property_1,0,36,-48,0.485798794827
Property_1,0,36,-46,0.485798794827
Property_1,0,36,-44,0.485798794827
Property_1,0,36,-42,0.485798794827
Property_1,0,36,-40,0.485798794827
Property_1,0,36,-38,0.485798794827
Property_1,0,36,-36,0.485798794827
Property_1,0,36,-34,0.485798794827
Property_1,0,36,-32,0
Property_1,0,36,-30,0
Property_1,2,12,-70,0
Property_1,2,12,-68,0
Property_1,2,12,-66,0
Property_1,2,12,-64,0
Property_1,2,12,-62,0
Property_1,2,12,-60,0
Property_1,2,12,-58,0
Property_1,2,12,-56,0
Property_1,2,12,-54,0
Property_1,2,12,-52,0
Property_1,2,12,-50,0
Property_1,2,12,-48,0
Property_1,2,12,-46,0
Property_1,2,12,-44,0
Property_1,2,12,-42,0
Property_1,2,12,-40,0
Property_1,2,12,-38,0
Property_1,2,12,-36,0
Property_1,2,12,-34,0
Property_1,2,12,-32,0
Property_1,2,12,-30,0
Property_1,2,16,-70,0
Property_1,2,16,-68,0
Property_1,2,16,-66,0
Property_1,2,16,-64,0
Property_1,2,16,-62,0
Property_1,2,16,-60,0
Property_1,2,16,-58,0
Property_1,2,16,-56,0
Property_1,2,16,-54,0
Property_1,2,16,-52,0
Property_1,2,16,-50,0
Property_1,2,16,-48,0
Property_1,2,16,-46,0
Property_1,2,16,-44,0
Property_1,2,16,-42,0
Property_1,2,16,-40,0
Property_1,2,16,-38,0
Property_1,2,16,-36,0
Property_1,2,16,-34,0
Property_1,2,16,-32,0
Property_1,2,16,-30,0
Property_1,2,20,-70,0.00937950937951
Property_1,2,20,-68,0.00937950937951
Property_1,2,20,-66,0.00937950937951
Property_1,2,20,-64,0.00937950937951
Property_1,2,20,-62,0.00937950937951
Property_1,2,20,-60,0.00937950937951
Property_1,2,20,-58,0.00937950937951
Property_1,2,20,-56,0.00937950937951
Property_1,2,20,-54,0.00937950937951
Property_1,2,20,-52,0.00937950937951
Property_1,2,20,-50,0.00937950937951
Property_1,2,20,-48,0.00937950937951
Property_1,2,20,-46,0.00937950937951
Property_1,2,20,-44,0.00937950937951
Property_1,2,20,-42,0.00937950937951
Property_1,2,20,-40,0.00937950937951
Property_1,2,20,-38,0.00937950937951
Property_1,2,20,-36,0.00937950937951
Property_1,2,20,-34,0.00937950937951
Property_1,2,20,-32,0
Property_1,2,20,-30,0
Property_1,2,24,-70,0.405618981599
Property_1,2,24,-68,0.405618981599
Property_1,2,24,-66,0.405618981599
Property_1,2,24,-64,0.405618981599
Property_1,2,24,-62,0.405343113676
Property_1,2,24,-60,0.405343113676
Property_1,2,24,-58,0.405343113676
Property_1,2,24,-56,0.405343113676
Property_1,2,24,-54,0.405343113676
Property_1,2,24,-52,0.405343113676
Property_1,2,24,-50,0.405343113676
Property_1,2,24,-48,0.405343113676
Property_1,2,24,-46,0.405343113676
Property_1,2,24,-44,0.405343113676
Property_1,2,24,-42,0.405343113676
Property_1,2,24,-40,0.405343113676
Property_1,2,24,-38,0.405343113676
Property_1,2,24,-36,0.405343113676
Property_1,2,24,-34,0.405343113676
Property_1,2,24,-32,0
Property_1,2,24,-30,0
Property_1,2,28,-70,0.494902436283
Property_1,2,28,-68,0.494902436283
Property_1,2,28,-66,0.494902436283
Property_1,2,28,-64,0.494902436283
Property_1,2,28,-62,0.485798794827
Property_1,2,28,-60,0.485798794827
Property_1,2,28,-58,0.485798794827
Property_1,2,28,-56,0.485798794827
Property_1,2,28,-54,0.485798794827
Property_1,2,28,-52,0.485798794827
Property_1,2,28,-50,0.485798794827
Property_1,2,28,-48,0.485798794827
Property_1,2,28,-46,0.485798794827
Property_1,2,28,-44,0.485798794827
Property_1,2,28,-42,0.485798794827
Property_1,2,28,-40,0.485798794827
Property_1,2,28,-38,0.485798794827
Property_1,2,28,-36,0.485798794827
Property_1,2,28,-34,0.485798794827
Property_1,2,28,-32,0
Property_1,2,28,-30,0
Property_1,2,32,-70,0.494902436283
Property_1,2,32,-68,0.494902436283
Property_1,2,32,-66,0.494902436283
Property_1,2,32,-64,0.494902436283
Property_1,2,32,-62,0.485798794827
Property_1,2,32,-60,0.485798794827
Property_1,2,32,-58,0.485798794827
Property_1,2,32,-56,0.485798794827
Property_1,2,32,-54,0.485798794827
Property_1,2,32,-52,0.485798794827
Property_1,2,32,-50,0.485798794827
Property_1,2,32,-48,0.485798794827
Property_1,2,32,-46,0.485798794827
Property_1,2,32,-44,0.485798794827
Property_1,2,32,-42,0.485798794827
Property_1,2,32,-40,0.485798794827
Property_1,2,32,-38,0.485798794827
Property_1,2,32,-36,0.485798794827
Property_1,2,32,-34,0.485798794827
Property_1,2,32,-32,0
Property_1,2,32,-30,0
Property_1,2,36,-70,0.494902436283
Property_1,2,36,-68,0.494902436283
Property_1,2,36,-66,0.494902436283
Property_1,2,36,-64,0.494902436283
Property_1,2,36,-62,0.485798794827
Property_1,2,36,-60,0.485798794827
Property_1,2,36,-58,0.485798794827
Property_1,2,36,-56,0.485798794827
Property_1,2,36,-54,0.485798794827
Property_1,2,36,-52,0.485798794827
Property_1,2,36,-50,0.485798794827
Property_1,2,36,-48,0.485798794827
Property_1,2,36,-46,0.485798794827
Property_1,2,36,-44,0.485798794827
Property_1,2,36,-42,0.485798794827
Property_1,2,36,-40,0.485798794827
Property_1,2,36,-38,0.485798794827
Property_1,2,36,-36,0.485798794827
Property_1,2,36,-34,0.485798794827
Property_1,2,36,-32,0
Property_1,2,36,-30,0
Property_1,4,12,-70,0
Property_1,4,12,-68,0
Property_1,4,12,-66,0
Property_1,4,12,-64,0
Property_1,4,12,-62,0
Property_1,4,12,-60,0
Property_1,4,12,-58,0
Property_1,4,12,-56,0
Property_1,4,12,-54,0
Property_1,4,12,-52,0
Property_1,4,12,-50,0
Property_1,4,12,-48,0
Property_1,4,12,-46,0
Property_1,4,12,-44,0
Property_1,4,12,-42,0
Property_1,4,12,-40,0
Property_1,4,12,-38,0
Property_1,4,12,-36,0
Property_1,4,12,-34,0
Property_1,4,12,-32,0
Property_1,4,12,-30,0
Property_1,4,16,-70,0
Property_1,4,16,-68,0
Property_1,4,16,-66,0
Property_1,4,16,-64,0
Property_1,4,16,-62,0
Property_1,4,16,-60,0
Property_1,4,16,-58,0
Property_1,4,16,-56,0
Property_1,4,16,-54,0
Property_1,4,16,-52,0
Property_1,4,16,-50,0
Property_1,4,16,-48,0
Property_1,4,16,-46,0
Property_1,4,16,-44,0
Property_1,4,16,-42,0
Property_1,4,16,-40,0
Property_1,4,16,-38,0
Property_1,4,16,-36,0
Property_1,4,16,-34,0
Property_1,4,16,-32,0
Property_1,4,16,-30,0
Property_1,4,20,-70,0.00937950937951
Property_1,4,20,-68,0.00937950937951
Property_1,4,20,-66,0.00937950937951
Property_1,4,20,-64,0.00937950937951
Property_1,4,20,-62,0.00937950937951
Property_1,4,20,-60,0.00937950937951
Property_1,4,20,-58,0.00937950937951
Property_1,4,20,-56,0.00937950937951
Property_1,4,20,-54,0.00937950937951
Property_1,4,20,-52,0.00937950937951
Property_1,4,20,-50,0.00937950937951
Property_1,4,20,-48,0.00937950937951
Property_1,4,20,-46,0.00937950937951
Property_1,4,20,-44,0.00937950937951
Property_1,4,20,-42,0.00937950937951
Property_1,4,20,-40,0.00937950937951
Property_1,4,20,-38,0.00937950937951
Property_1,4,20,-36,0.00937950937951
Property_1,4,20,-34,0.00937950937951
Property_1,4,20,-32,0
Property_1,4,20,-30,0
Property_1,4,24,-70,0.405618981599
Property_1,4,24,-68,0.405618981599
Property_1,4,24,-66,0.405618981599
Property_1,4,24,-64,0.405618981599
Property_1,4,24,-62,0.405343113676
Property_1,4,24,-60,0.405343113676
Property_1,4,24,-58,0.405343113676
Property_1,4,24,-56,0.405343113676
Property_1,4,24,-54,0.405343113676
Property_1,4,24,-52,0.405343113676
Property_1,4,24,-50,0.405343113676
Property_1,4,24,-48,0.405343113676
Property_1,4,24,-46,0.405343113676
Property_1,4,24,-44,0.405343113676
Property_1,4,24,-42,0.405343113676
Property_1,4,24,-40,0.405343113676
Property_1,4,24,-38,0.405343113676
Property_1,4,24,-36,0.405343113676
Property_1,4,24,-34,0.405343113676
Property_1,4,24,-32,0
Property_1,4,24,-30,0
Property_1,4,28,-70,0.480664488017
Property_1,4,28,-68,0.480664488017
Property_1,4,28,-66,0.480664488017
Property_1,4,28,-64,0.480664488017
Property_1,4,28,-62,0.471560846561
Property_1,4,28,-60,0.471560846561
Property_1,4,28,-58,0.471560846561
Property_1,4,28,-56,0.471560846561
Property_1,4,28,-54,0.471560846561
Property_1,4,28,-52,0.471560846561
Property_1,4,28,-50,0.471560846561
Property_1,4,28,-48,0.471560846561
Property_1,4,28,-46,0.471560846561
Property_1,4,28,-44,0.471560846561
Property_1,4,28,-42,0.471560846561
Property_1,4,28,-40,0.471560846561
Property_1,4,28,-38,0.471560846561
Property_1,4,28,-36,0.471560846561
Property_1,4,28,-34,0.471560846561
Property_1,4,28,-32,0
Property_1,4,28,-30,0
Property_1,4,32,-70,0.480664488017
Property_1,4,32,-68,0.480664488017
Property_1,4,32,-66,0.480664488017
Property_1,4,32,-64,0.480664488017
Property_1,4,32,-62,0.471560846561
Property_1,4,32,-60,0.471560846561
Property_1,4,32,-58,0.471560846561
Property_1,4,32,-56,0.471560846561
Property_1,4,32,-54,0.471560846561
Property_1,4,32,-52,0.471560846561
Property_1,4,32,-50,0.471560846561
Property_1,4,32,-48,0.471560846561
Property_1,4,32,-46,0.471560846561
Property_1,4,32,-44,0.471560846561
Property_1,4,32,-42,0.471560846561
Property_1,4,32,-40,0.471560846561
Property_1,4,32,-38,0.471560846561
Property_1,4,32,-36,0.471560846561
Property_1,4,32,-34,0.471560846561
Property_1,4,32,-32,0
Property_1,4,32,-30,0
Property_1,4,36,-70,0.480664488017
Property_1,4,36,-68,0.480664488017
Property_1,4,36,-66,0.480664488017
Property_1,4,36,-64,0.480664488017
Property_1,4,36,-62,0.471560846561
Property_1,4,36,-60,0.471560846561
Property_1,4,36,-58,0.471560846561
Property_1,4,36,-56,0.471560846561
Property_1,4,36,-54,0.471560846561
Property_1,4,36,-52,0.471560846561
Property_1,4,36,-50,0.471560846561
Property_1,4,36,-48,0.471560846561
Property_1,4,36,-46,0.471560846561
Property_1,4,36,-44,0.471560846561
Property_1,4,36,-42,0.471560846561
Property_1,4,36,-40,0.471560846561
Property_1,4,36,-38,0.471560846561
Property_1,4,36,-36,0.471560846561
Property_1,4,36,-34,0.471560846561
Property_1,4,36,-32,0
Property_1,4,36,-30,0
Property_1,6,12,-70,0
Property_1,6,12,-68,0
Property_1,6,12,-66,0
Property_1,6,12,-64,0
Property_1,6,12,-62,0
Property_1,6,12,-60,0
Property_1,6,12,-58,0
Property_1,6,12,-56,0
Property_1,6,12,-54,0
Property_1,6,12,-52,0
Property_1,6,12,-50,0
Property_1,6,12,-48,0
Property_1,6,12,-46,0
Property_1,6,12,-44,0
Property_1,6,12,-42,0
Property_1,6,12,-40,0
Property_1,6,12,-38,0
Property_1,6,12,-36,0
Property_1,6,12,-34,0
Property_1,6,12,-32,0
Property_1,6,12,-30,0
Property_1,6,16,-70,0
Property_1,6,16,-68,0
Property_1,6,16,-66,0
Property_1,6,16,-64,0
Property_1,6,16,-62,0
Property_1,6,16,-60,0
Property_1,6,16,-58,0
Property_1,6,16,-56,0
Property_1,6,16,-54,0
Property_1,6,16,-52,0
Property_1,6,16,-50,0
Property_1,6,16,-48,0
Property_1,6,16,-46,0
Property_1,6,16,-44,0
Property_1,6,16,-42,0
Property_1,6,16,-40,0
Property_1,6,16,-38,0
Property_1,6,16,-36,0
Property_1,6,16,-34,0
Property_1,6,16,-32,0
Property_1,6,16,-30,0
Property_1,6,20,-70,0.00937950937951
Property_1,6,20,-68,0.00937950937951
Property_1,6,20,-66,0.00937950937951
Property_1,6,20,-64,0.00937950937951
Property_1,6,20,-62,0.00937950937951
Property_1,6,20,-60,0.00937950937951
Property_1,6,20,-58,0.00937950937951
Property_1,6,20,-56,0.00937950937951
Property_1,6,20,-54,0.00937950937951
Property_1,6,20,-52,0.00937950937951
Property_1,6,20,-50,0.00937950937951
Property_1,6,20,-48,0.00937950937951
Property_1,6,20,-46,0.00937950937951
Property_1,6,20,-44,0.00937950937951
Property_1,6,20,-42,0.00937950937951
Property_1,6,20,-40,0.00937950937951
Property_1,6,20,-38,0.00937950937951
Property_1,6,20,-36,0.00937950937951
Property_1,6,20,-34,0.00937950937951
Property_1,6,20,-32,0
Property_1,6,20,-30,0
Property_1,6,24,-70,0.405618981599
Property_1,6,24,-68,0.405618981599
Property_1,6,24,-66,0.405618981599
Property_1,6,24,-64,0.405618981599
Property_1,6,24,-62,0.405343113676
Property_1,6,24,-60,0.405343113676
Property_1,6,24,-58,0.405343113676
Property_1,6,24,-56,0.405343113676
Property_1,6,24,-54,0.405343113676
Property_1,6,24,-52,0.405343113676
Property_1,6,24,-50,0.405343113676
Property_1,6,24,-48,0.405343113676
Property_1,6,24,-46,0.405343113676
Property_1,6,24,-44,0.405343113676
Property_1,6,24,-42,0.405343113676
Property_1,6,24,-40,0.405343113676
Property_1,6,24,-38,0.405343113676
Property_1,6,24,-36,0.405343113676
Property_1,6,24,-34,0.405343113676
Property_1,6,24,-32,0
Property_1,6,24,-30,0
Property_1,6,28,-70,0.480664488017
Property_1,6,28,-68,0.480664488017
Property_1,6,28,-66,0.480664488017
Property_1,6,28,-64,0.480664488017
Property_1,6,28,-62,0.471560846561
Property_1,6,28,-60,0.471560846561
Property_1,6,28,-58,0.471560846561
Property_1,6,28,-56,0.471560846561
Property_1,6,28,-54,0.471560846561
Property_1,6,28,-52,0.471560846561
Property_1,6,28,-50,0.471560846561
Property_1,6,28,-48,0.471560846561
Property_1,6,28,-46,0.471560846561
Property_1,6,28,-44,0.471560846561
Property_1,6,28,-42,0.471560846561
Property_1,6,28,-40,0.471560846561
Property_1,6,28,-38,0.471560846561
Property_1,6,28,-36,0.471560846561
Property_1,6,28,-34,0.471560846561
Property_1,6,28,-32,0
Property_1,6,28,-30,0
Property_1,6,32,-70,0.480664488017
Property_1,6,32,-68,0.480664488017
Property_1,6,32,-66,0.480664488017
Property_1,6,32,-64,0.480664488017
Property_1,6,32,-62,0.471560846561
Property_1,6,32,-60,0.471560846561
Property_1,6,32,-58,0.471560846561
Property_1,6,32,-56,0.471560846561
Property_1,6,32,-54,0.471560846561
Property_1,6,32,-52,0.471560846561
Property_1,6,32,-50,0.471560846561
Property_1,6,32,-48,0.471560846561
Property_1,6,32,-46,0.471560846561
Property_1,6,32,-44,0.471560846561
Property_1,6,32,-42,0.471560846561
Property_1,6,32,-40,0.471560846561
Property_1,6,32,-38,0.471560846561
Property_1,6,32,-36,0.471560846561
Property_1,6,32,-34,0.471560846561
Property_1,6,32,-32,0
Property_1,6,32,-30,0
Property_1,6,36,-70,0.480664488017
Property_1,6,36,-68,0.480664488017
Property_1,6,36,-66,0.480664488017
Property_1,6,36,-64,0.480664488017
Property_1,6,36,-62,0.471560846561
Property_1,6,36,-60,0.471560846561
Property_1,6,36,-58,0.471560846561
Property_1,6,36,-56,0.471560846561
Property_1,6,36,-54,0.471560846561
Property_1,6,36,-52,0.471560846561
Property_1,6,36,-50,0.471560846561
Property_1,6,36,-48,0.471560846561
Property_1,6,36,-46,0.471560846561
Property_1,6,36,-44,0.471560846561
Property_1,6,36,-42,0.471560846561
Property_1,6,36,-40,0.471560846561
Property_1,6,36,-38,0.471560846561
Property_1,6,36,-36,0.471560846561
Property_1,6,36,-34,0.471560846561
Property_1,6,36,-32,0
Property_1,6,36,-30,0
Property_1,8,12,-70,0
Property_1,8,12,-68,0
Property_1,8,12,-66,0
Property_1,8,12,-64,0
Property_1,8,12,-62,0
Property_1,8,12,-60,0
Property_1,8,12,-58,0
Property_1,8,12,-56,0
Property_1,8,12,-54,0
Property_1,8,12,-52,0
Property_1,8,12,-50,0
Property_1,8,12,-48,0
Property_1,8,12,-46,0
Property_1,8,12,-44,0
Property_1,8,12,-42,0
Property_1,8,12,-40,0
Property_1,8,12,-38,0
Property_1,8,12,-36,0
Property_1,8,12,-34,0
Property_1,8,12,-32,0
Property_1,8,12,-30,0
Property_1,8,16,-70,0
Property_1,8,16,-68,0
Property_1,8,16,-66,0
Property_1,8,16,-64,0
Property_1,8,16,-62,0
Property_1,8,16,-60,0
Property_1,8,16,-58,0
Property_1,8,16,-56,0
Property_1,8,16,-54,0
Property_1,8,16,-52,0
Property_1,8,16,-50,0
Property_1,8,16,-48,0
Property_1,8,16,-46,0
Property_1,8,16,-44,0
Property_1,8,16,-42,0
Property_1,8,16,-40,0
Property_1,8,16,-38,0
Property_1,8,16,-36,0
Property_1,8,16,-34,0
Property_1,8,16,-32,0
Property_1,8,16,-30,0
Property_1,8,20,-70,0.00937950937951
Property_1,8,20,-68,0.00937950937951
Property_1,8,20,-66,0.00937950937951
Property_1,8,20,-64,0.00937950937951
Property_1,8,20,-62,0.00937950937951
Property_1,8,20,-60,0.00937950937951
Property_1,8,20,-58,0.00937950937951
Property_1,8,20,-56,0.00937950937951
Property_1,8,20,-54,0.00937950937951
Property_1,8,20,-52,0.00937950937951
Property_1,8,20,-50,0.00937950937951
Property_1,8,20,-48,0.00937950937951
Property_1,8,20,-46,0.00937950937951
Property_1,8,20,-44,0.00937950937951
Property_1,8,20,-42,0.00937950937951
Property_1,8,20,-40,0.00937950937951
Property_1,8,20,-38,0.00937950937951
Property_1,8,20,-36,0.00937950937951
Property_1,8,20,-34,0.00937950937951
Property_1,8,20,-32,0
Property_1,8,20,-30,0
Property_1,8,24,-70,0.405618981599
Property_1,8,24,-68,0.405618981599
Property_1,8,24,-66,0.405618981599
Property_1,8,24,-64,0.405618981599
Property_1,8,24,-62,0.405343113676
Property_1,8,24,-60,0.405343113676
Property_1,8,24,-58,0.405343113676
Property_1,8,24,-56,0.405343113676
Property_1,8,24,-54,0.405343113676
Property_1,8,24,-52,0.405343113676
Property_1,8,24,-50,0.405343113676
Property_1,8,24,-48,0.405343113676
Property_1,8,24,-46,0.405343113676
Property_1,8,24,-44,0.405343113676
Property_1,8,24,-42,0.405343113676
Property_1,8,24,-40,0.405343113676
Property_1,8,24,-38,0.405343113676
Property_1,8,24,-36,0.405343113676
Property_1,8,24,-34,0.405343113676
Property_1,8,24,-32,0
Property_1,8,24,-30,0
Property_1,8,28,-70,0.480664488017
Property_1,8,28,-68,0.480664488017
Property_1,8,28,-66,0.480664488017
Property_1,8,28,-64,0.480664488017
Property_1,8,28,-62,0.471560846561
Property_1,8,28,-60,0.471560846561
Property_1,8,28,-58,0.471560846561
Property_1,8,28,-56,0.471560846561
Property_1,8,28,-54,0.471560846561
Property_1,8,28,-52,0.471560846561
Property_1,8,28,-50,0.471560846561
Property_1,8,28,-48,0.471560846561
Property_1,8,28,-46,0.471560846561
Property_1,8,28,-44,0.471560846561
Property_1,8,28,-42,0.471560846561
Property_1,8,28,-40,0.471560846561
Property_1,8,28,-38,0.471560846561
Property_1,8,28,-36,0.471560846561
Property_1,8,28,-34,0.471560846561
Property_1,8,28,-32,0
Property_1,8,28,-30,0
Property_1,8,32,-70,0.480664488017
Property_1,8,32,-68,0.480664488017
Property_1,8,32,-66,0.480664488017
Property_1,8,32,-64,0.480664488017
Property_1,8,32,-62,0.471560846561
Property_1,8,32,-60,0.471560846561
Property_1,8,32,-58,0.471560846561
Property_1,8,32,-56,0.471560846561
Property_1,8,32,-54,0.471560846561
Property_1,8,32,-52,0.471560846561
Property_1,8,32,-50,0.471560846561
Property_1,8,32,-48,0.471560846561
Property_1,8,32,-46,0.471560846561
Property_1,8,32,-44,0.471560846561
Property_1,8,32,-42,0.471560846561
Property_1,8,32,-40,0.471560846561
Property_1,8,32,-38,0.471560846561
Property_1,8,32,-36,0.471560846561
Property_1,8,32,-34,0.471560846561
Property_1,8,32,-32,0
Property_1,8,32,-30,0
Property_1,8,36,-70,0.480664488017
Property_1,8,36,-68,0.480664488017
Property_1,8,36,-66,0.480664488017
Property_1,8,36,-64,0.480664488017
Property_1,8,36,-62,0.471560846561
Property_1,8,36,-60,0.471560846561
Property_1,8,36,-58,0.471560846561
Property_1,8,36,-56,0.471560846561
Property_1,8,36,-54,0.471560846561
Property_1,8,36,-52,0.471560846561
Property_1,8,36,-50,0.471560846561
Property_1,8,36,-48,0.471560846561
Property_1,8,36,-46,0.471560846561
Property_1,8,36,-44,0.471560846561
Property_1,8,36,-42,0.471560846561
Property_1,8,36,-40,0.471560846561
Property_1,8,36,-38,0.471560846561
Property_1,8,36,-36,0.471560846561
Property_1,8,36,-34,0.471560846561
Property_1,8,36,-32,0
Property_1,8,36,-30,0
Property_1,10,12,-70,0
Property_1,10,12,-68,0
Property_1,10,12,-66,0
Property_1,10,12,-64,0
Property_1,10,12,-62,0
Property_1,10,12,-60,0
Property_1,10,12,-58,0
Property_1,10,12,-56,0
Property_1,10,12,-54,0
Property_1,10,12,-52,0
Property_1,10,12,-50,0
Property_1,10,12,-48,0
Property_1,10,12,-46,0
Property_1,10,12,-44,0
Property_1,10,12,-42,0
Property_1,10,12,-40,0
Property_1,10,12,-38,0
Property_1,10,12,-36,0
Property_1,10,12,-34,0
Property_1,10,12,-32,0
Property_1,10,12,-30,0
Property_1,10,16,-70,0
Property_1,10,16,-68,0
Property_1,10,16,-66,0
Property_1,10,16,-64,0
Property_1,10,16,-62,0
Property_1,10,16,-60,0
Property_1,10,16,-58,0
Property_1,10,16,-56,0
Property_1,10,16,-54,0
Property_1,10,16,-52,0
Property_1,10,16,-50,0
Property_1,10,16,-48,0
Property_1,10,16,-46,0
Property_1,10,16,-44,0
Property_1,10,16,-42,0
Property_1,10,16,-40,0
Property_1,10,16,-38,0
Property_1,10,16,-36,0
Property_1,10,16,-34,0
Property_1,10,16,-32,0
Property_1,10,16,-30,0
Property_1,10,20,-70,0.00937950937951
Property_1,10,20,-68,0.00937950937951
Property_1,10,20,-66,0.00937950937951
Property_1,10,20,-64,0.00937950937951
Property_1,10,20,-62,0.00937950937951
Property_1,10,20,-60,0.00937950937951
Property_1,10,20,-58,0.00937950937951
Property_1,10,20,-56,0.00937950937951
Property_1,10,20,-54,0.00937950937951
Property_1,10,20,-52,0.00937950937951
Property_1,10,20,-50,0.00937950937951
Property_1,10,20,-48,0.00937950937951
Property_1,10,20,-46,0.00937950937951
Property_1,10,20,-44,0.00937950937951
Property_1,10,20,-42,0.00937950937951
Property_1,10,20,-40,0.00937950937951
Property_1,10,20,-38,0.00937950937951
Property_1,10,20,-36,0.00937950937951
Property_1,10,20,-34,0.00937950937951
Property_1,10,20,-32,0
Property_1,10,20,-30,0
Property_1,10,24,-70,0.405618981599
Property_1,10,24,-68,0.405618981599
Property_1,10,24,-66,0.405618981599
Property_1,10,24,-64,0.405618981599
Property_1,10,24,-62,0.405343113676
Property_1,10,24,-60,0.405343113676
Property_1,10,24,-58,0.405343113676
Property_1,10,24,-56,0.405343113676
Property_1,10,24,-54,0.405343113676
Property_1,10,24,-52,0.405343113676
Property_1,10,24,-50,0.405343113676
Property_1,10,24,-48,0.405343113676
Property_1,10,24,-46,0.405343113676
Property_1,10,24,-44,0.405343113676
Property_1,10,24,-42,0.405343113676
Property_1,10,24,-40,0.405343113676
Property_1,10,24,-38,0.405343113676
Property_1,10,24,-36,0.405343113676
Property_1,10,24,-34,0.405343113676
Property_1,10,24,-32,0
Property_1,10,24,-30,0
Property_1,10,28,-70,0.480664488017
Property_1,10,28,-68,0.480664488017
Property_1,10,28,-66,0.480664488017
Property_1,10,28,-64,0.480664488017
Property_1,10,28,-62,0.471560846561
Property_1,10,28,-60,0.471560846561
Property_1,10,28,-58,0.471560846561
Property_1,10,28,-56,0.471560846561
Property_1,10,28,-54,0.471560846561
Property_1,10,28,-52,0.471560846561
Property_1,10,28,-50,0.471560846561
Property_1,10,28,-48,0.471560846561
Property_1,10,28,-46,0.471560846561
Property_1,10,28,-44,0.471560846561
Property_1,10,28,-42,0.471560846561
Property_1,10,28,-40,0.471560846561
Property_1,10,28,-38,0.471560846561
Property_1,10,28,-36,0.471560846561
Property_1,10,28,-34,0.471560846561
Property_1,10,28,-32,0
Property_1,10,28,-30,0
Property_1,10,32,-70,0.480664488017
Property_1,10,32,-68,0.480664488017
Property_1,10,32,-66,0.480664488017
Property_1,10,32,-64,0.480664488017
Property_1,10,32,-62,0.471560846561
Property_1,10,32,-60,0.471560846561
Property_1,10,32,-58,0.471560846561
Property_1,10,32,-56,0.471560846561
Property_1,10,32,-54,0.471560846561
Property_1,10,32,-52,0.471560846561
Property_1,10,32,-50,0.471560846561
Property_1,10,32,-48,0.471560846561
Property_1,10,32,-46,0.471560846561
Property_1,10,32,-44,0.471560846561
Property_1,10,32,-42,0.471560846561
Property_1,10,32,-40,0.471560846561
Property_1,10,32,-38,0.471560846561
Property_1,10,32,-36,0.471560846561
Property_1,10,32,-34,0.471560846561
Property_1,10,32,-32,0
Property_1,10,32,-30,0
Property_1,10,36,-70,0.480664488017
Property_1,10,36,-68,0.480664488017
Property_1,10,36,-66,0.480664488017
Property_1,10,36,-64,0.480664488017
Property_1,10,36,-62,0.471560846561
Property_1,10,36,-60,0.471560846561
Property_1,10,36,-58,0.471560846561
Property_1,10,36,-56,0.471560846561
Property_1,10,36,-54,0.471560846561
Property_1,10,36,-52,0.471560846561
Property_1,10,36,-50,0.471560846561
Property_1,10,36,-48,0.471560846561
Property_1,10,36,-46,0.471560846561
Property_1,10,36,-44,0.471560846561
Property_1,10,36,-42,0.471560846561
Property_1,10,36,-40,0.471560846561
Property_1,10,36,-38,0.471560846561
Property_1,10,36,-36,0.471560846561
Property_1,10,36,-34,0.471560846561
Property_1,10,36,-32,0
Property_1,10,36,-30,0
Property_1,12,12,-70,0
Property_1,12,12,-68,0
Property_1,12,12,-66,0
Property_1,12,12,-64,0
Property_1,12,12,-62,0
Property_1,12,12,-60,0
Property_1,12,12,-58,0
Property_1,12,12,-56,0
Property_1,12,12,-54,0
Property_1,12,12,-52,0
Property_1,12,12,-50,0
Property_1,12,12,-48,0
Property_1,12,12,-46,0
Property_1,12,12,-44,0
Property_1,12,12,-42,0
Property_1,12,12,-40,0
Property_1,12,12,-38,0
Property_1,12,12,-36,0
Property_1,12,12,-34,0
Property_1,12,12,-32,0
Property_1,12,12,-30,0
Property_1,12,16,-70,0
Property_1,12,16,-68,0
Property_1,12,16,-66,0
Property_1,12,16,-64,0
Property_1,12,16,-62,0
Property_1,12,16,-60,0
Property_1,12,16,-58,0
Property_1,12,16,-56,0
Property_1,12,16,-54,0
Property_1,12,16,-52,0
Property_1,12,16,-50,0
Property_1,12,16,-48,0
Property_1,12,16,-46,0
Property_1,12,16,-44,0
Property_1,12,16,-42,0
Property_1,12,16,-40,0
Property_1,12,16,-38,0
Property_1,12,16,-36,0
Property_1,12,16,-34,0
Property_1,12,16,-32,0
Property_1,12,16,-30,0
Property_1,12,20,-70,0.00937950937951
Property_1,12,20,-68,0.00937950937951
Property_1,12,20,-66,0.00937950937951
Property_1,12,20,-64,0.00937950937951
Property_1,12,20,-62,0.00937950937951
Property_1,12,20,-60,0.00937950937951
Property_1,12,20,-58,0.00937950937951
Property_1,12,20,-56,0.00937950937951
Property_1,12,20,-54,0.00937950937951
Property_1,12,20,-52,0.00937950937951
Property_1,12,20,-50,0.00937950937951
Property_1,12,20,-48,0.00937950937951
Property_1,12,20,-46,0.00937950937951
Property_1,12,20,-44,0.00937950937951
Property_1,12,20,-42,0.00937950937951
Property_1,12,20,-40,0.00937950937951
Property_1,12,20,-38,0.00937950937951
Property_1,12,20,-36,0.00937950937951
Property_1,12,20,-34,0.00937950937951
Property_1,12,20,-32,0
Property_1,12,20,-30,0
Property_1,12,24,-70,0.405343113676
Property_1,12,24,-68,0.405343113676
Property_1,12,24,-66,0.405343113676
Property_1,12,24,-64,0.405343113676
Property_1,12,24,-62,0.405343113676
Property_1,12,24,-60,0.405343113676
Property_1,12,24,-58,0.405343113676
Property_1,12,24,-56,0.405343113676
Property_1,12,24,-54,0.405343113676
Property_1,12,24,-52,0.405343113676
Property_1,12,24,-50,0.405343113676
Property_1,12,24,-48,0.405343113676
Property_1,12,24,-46,0.405343113676
Property_1,12,24,-44,0.405343113676
Property_1,12,24,-42,0.405343113676
Property_1,12,24,-40,0.405343113676
Property_1,12,24,-38,0.405343113676
Property_1,12,24,-36,0.405343113676
Property_1,12,24,-34,0.405343113676
Property_1,12,24,-32,0
Property_1,12,24,-30,0
Property_1,12,28,-70,0.480664488017
Property_1,12,28,-68,0.480664488017
Property_1,12,28,-66,0.480664488017
Property_1,12,28,-64,0.480664488017
Property_1,12,28,-62,0.471560846561
Property_1,12,28,-60,0.471560846561
Property_1,12,28,-58,0.471560846561
Property_1,12,28,-56,0.471560846561
Property_1,12,28,-54,0.471560846561
Property_1,12,28,-52,0.471560846561
Property_1,12,28,-50,0.471560846561
Property_1,12,28,-48,0.471560846561
Property_1,12,28,-46,0.471560846561
Property_1,12,28,-44,0.471560846561
Property_1,12,28,-42,0.471560846561
Property_1,12,28,-40,0.471560846561
Property_1,12,28,-38,0.471560846561
Property_1,12,28,-36,0.471560846561
Property_1,12,28,-34,0.471560846561
Property_1,12,28,-32,0
Property_1,12,28,-30,0
Property_1,12,32,-70,0.480664488017
Property_1,12,32,-68,0.480664488017
Property_1,12,32,-66,0.480664488017
Property_1,12,32,-64,0.480664488017
Property_1,12,32,-62,0.471560846561
Property_1,12,32,-60,0.471560846561
Property_1,12,32,-58,0.471560846561
Property_1,12,32,-56,0.471560846561
Property_1,12,32,-54,0.471560846561
Property_1,12,32,-52,0.471560846561
Property_1,12,32,-50,0.471560846561
Property_1,12,32,-48,0.471560846561
Property_1,12,32,-46,0.471560846561
Property_1,12,32,-44,0.471560846561
Property_1,12,32,-42,0.471560846561
Property_1,12,32,-40,0.471560846561
Property_1,12,32,-38,0.471560846561
Property_1,12,32,-36,0.471560846561
Property_1,12,32,-34,0.471560846561
Property_1,12,32,-32,0
Property_1,12,32,-30,0
Property_1,12,36,-70,0.480664488017
Property_1,12,36,-68,0.480664488017
Property_1,12,36,-66,0.480664488017
Property_1,12,36,-64,0.480664488017
Property_1,12,36,-62,0.471560846561
Property_1,12,36,-60,0.471560846561
Property_1,12,36,-58,0.471560846561
Property_1,12,36,-56,0.471560846561
Property_1,12,36,-54,0.471560846561
Property_1,12,36,-52,0.471560846561
Property_1,12,36,-50,0.471560846561
Property_1,12,36,-48,0.471560846561
Property_1,12,36,-46,0.471560846561
Property_1,12,36,-44,0.471560846561
Property_1,12,36,-42,0.471560846561
Property_1,12,36,-40,0.471560846561
Property_1,12,36,-38,0.471560846561
Property_1,12,36,-36,0.471560846561
Property_1,12,36,-34,0.471560846561
Property_1,12,36,-32,0
Property_1,12,36,-30,0
Property_1,14,12,-70,0
Property_1,14,12,-68,0
Property_1,14,12,-66,0
Property_1,14,12,-64,0
Property_1,14,12,-62,0
Property_1,14,12,-60,0
Property_1,14,12,-58,0
Property_1,14,12,-56,0
Property_1,14,12,-54,0
Property_1,14,12,-52,0
Property_1,14,12,-50,0
Property_1,14,12,-48,0
Property_1,14,12,-46,0
Property_1,14,12,-44,0
Property_1,14,12,-42,0
Property_1,14,12,-40,0
Property_1,14,12,-38,0
Property_1,14,12,-36,0
Property_1,14,12,-34,0
Property_1,14,12,-32,0
Property_1,14,12,-30,0
Property_1,14,16,-70,0
Property_1,14,16,-68,0
Property_1,14,16,-66,0
Property_1,14,16,-64,0
Property_1,14,16,-62,0
Property_1,14,16,-60,0
Property_1,14,16,-58,0
Property_1,14,16,-56,0
Property_1,14,16,-54,0
Property_1,14,16,-52,0
Property_1,14,16,-50,0
Property_1,14,16,-48,0
Property_1,14,16,-46,0
Property_1,14,16,-44,0
Property_1,14,16,-42,0
Property_1,14,16,-40,0
Property_1,14,16,-38,0
Property_1,14,16,-36,0
Property_1,14,16,-34,0
Property_1,14,16,-32,0
Property_1,14,16,-30,0
Property_1,14,20,-70,0.00937950937951
Property_1,14,20,-68,0.00937950937951
Property_1,14,20,-66,0.00937950937951
Property_1,14,20,-64,0.00937950937951
Property_1,14,20,-62,0.00937950937951
Property_1,14,20,-60,0.00937950937951
Property_1,14,20,-58,0.00937950937951
Property_1,14,20,-56,0.00937950937951
Property_1,14,20,-54,0.00937950937951
Property_1,14,20,-52,0.00937950937951
Property_1,14,20,-50,0.00937950937951
Property_1,14,20,-48,0.00937950937951
Property_1,14,20,-46,0.00937950937951
Property_1,14,20,-44,0.00937950937951
Property_1,14,20,-42,0.00937950937951
Property_1,14,20,-40,0.00937950937951
Property_1,14,20,-38,0.00937950937951
Property_1,14,20,-36,0.00937950937951
Property_1,14,20,-34,0.00937950937951
Property_1,14,20,-32,0
Property_1,14,20,-30,0
Property_1,14,24,-70,0.405343113676
Property_1,14,24,-68,0.405343113676
Property_1,14,24,-66,0.405343113676
Property_1,14,24,-64,0.405343113676
Property_1,14,24,-62,0.405343113676
Property_1,14,24,-60,0.405343113676
Property_1,14,24,-58,0.405343113676
Property_1,14,24,-56,0.405343113676
Property_1,14,24,-54,0.405343113676
Property_1,14,24,-52,0.405343113676
Property_1,14,24,-50,0.405343113676
Property_1,14,24,-48,0.405343113676
Property_1,14,24,-46,0.405343113676
Property_1,14,24,-44,0.405343113676
Property_1,14,24,-42,0.405343113676
Property_1,14,24,-40,0.405343113676
Property_1,14,24,-38,0.405343113676
Property_1,14,24,-36,0.405343113676
Property_1,14,24,-34,0.405343113676
Property_1,14,24,-32,0
Property_1,14,24,-30,0
Property_1,14,28,-70,0.480664488017
Property_1,14,28,-68,0.480664488017
Property_1,14,28,-66,0.480664488017
Property_1,14,28,-64,0.480664488017
Property_1,14,28,-62,0.471560846561
Property_1,14,28,-60,0.471560846561
Property_1,14,28,-58,0.471560846561
Property_1,14,28,-56,0.471560846561
Property_1,14,28,-54,0.471560846561
Property_1,14,28,-52,0.471560846561
Property_1,14,28,-50,0.471560846561
Property_1,14,28,-48,0.471560846561
Property_1,14,28,-46,0.471560846561
Property_1,14,28,-44,0.471560846561
Property_1,14,28,-42,0.471560846561
Property_1,14,28,-40,0.471560846561
Property_1,14,28,-38,0.471560846561
Property_1,14,28,-36,0.471560846561
Property_1,14,28,-34,0.471560846561
Property_1,14,28,-32,0
Property_1,14,28,-30,0
Property_1,14,32,-70,0.480664488017
Property_1,14,32,-68,0.480664488017
Property_1,14,32,-66,0.480664488017
Property_1,14,32,-64,0.480664488017
Property_1,14,32,-62,0.471560846561
Property_1,14,32,-60,0.471560846561
Property_1,14,32,-58,0.471560846561
Property_1,14,32,-56,0.471560846561
Property_1,14,32,-54,0.471560846561
Property_1,14,32,-52,0.471560846561
Property_1,14,32,-50,0.471560846561
Property_1,14,32,-48,0.471560846561
Property_1,14,32,-46,0.471560846561
Property_1,14,32,-44,0.471560846561
Property_1,14,32,-42,0.471560846561
Property_1,14,32,-40,0.471560846561
Property_1,14,32,-38,0.471560846561
Property_1,14,32,-36,0.471560846561
Property_1,14,32,-34,0.471560846561
Property_1,14,32,-32,0
Property_1,14,32,-30,0
Property_1,14,36,-70,0.480664488017
Property_1,14,36,-68,0.480664488017
Property_1,14,36,-66,0.480664488017
Property_1,14,36,-64,0.480664488017
Property_1,14,36,-62,0.471560846561
Property_1,14,36,-60,0.471560846561
Property_1,14,36,-58,0.471560846561
Property_1,14,36,-56,0.471560846561
Property_1,14,36,-54,0.471560846561
Property_1,14,36,-52,0.471560846561
Property_1,14,36,-50,0.471560846561
Property_1,14,36,-48,0.471560846561
Property_1,14,36,-46,0.471560846561
Property_1,14,36,-44,0.471560846561
Property_1,14,36,-42,0.471560846561
Property_1,14,36,-40,0.471560846561
Property_1,14,36,-38,0.471560846561
Property_1,14,36,-36,0.471560846561
Property_1,14,36,-34,0.471560846561
Property_1,14,36,-32,0
Property_1,14,36,-30,0
Property_1,16,12,-70,0
Property_1,16,12,-68,0
Property_1,16,12,-66,0
Property_1,16,12,-64,0
Property_1,16,12,-62,0
Property_1,16,12,-60,0
Property_1,16,12,-58,0
Property_1,16,12,-56,0
Property_1,16,12,-54,0
Property_1,16,12,-52,0
Property_1,16,12,-50,0
Property_1,16,12,-48,0
Property_1,16,12,-46,0
Property_1,16,12,-44,0
Property_1,16,12,-42,0
Property_1,16,12,-40,0
Property_1,16,12,-38,0
Property_1,16,12,-36,0
Property_1,16,12,-34,0
Property_1,16,12,-32,0
Property_1,16,12,-30,0
Property_1,16,16,-70,0
Property_1,16,16,-68,0
Property_1,16,16,-66,0
Property_1,16,16,-64,0
Property_1,16,16,-62,0
Property_1,16,16,-60,0
Property_1,16,16,-58,0
Property_1,16,16,-56,0
Property_1,16,16,-54,0
Property_1,16,16,-52,0
Property_1,16,16,-50,0
Property_1,16,16,-48,0
Property_1,16,16,-46,0
Property_1,16,16,-44,0
Property_1,16,16,-42,0
Property_1,16,16,-40,0
Property_1,16,16,-38,0
Property_1,16,16,-36,0
Property_1,16,16,-34,0
Property_1,16,16,-32,0
Property_1,16,16,-30,0
Property_1,16,20,-70,0.00937950937951
Property_1,16,20,-68,0.00937950937951
Property_1,16,20,-66,0.00937950937951
Property_1,16,20,-64,0.00937950937951
Property_1,16,20,-62,0.00937950937951
Property_1,16,20,-60,0.00937950937951
Property_1,16,20,-58,0.00937950937951
Property_1,16,20,-56,0.00937950937951
Property_1,16,20,-54,0.00937950937951
Property_1,16,20,-52,0.00937950937951
Property_1,16,20,-50,0.00937950937951
Property_1,16,20,-48,0.00937950937951
Property_1,16,20,-46,0.00937950937951
Property_1,16,20,-44,0.00937950937951
Property_1,16,20,-42,0.00937950937951
Property_1,16,20,-40,0.00937950937951
Property_1,16,20,-38,0.00937950937951
Property_1,16,20,-36,0.00937950937951
Property_1,16,20,-34,0.00937950937951
Property_1,16,20,-32,0
Property_1,16,20,-30,0
Property_1,16,24,-70,0.405343113676
Property_1,16,24,-68,0.405343113676
Property_1,16,24,-66,0.405343113676
Property_1,16,24,-64,0.405343113676
Property_1,16,24,-62,0.405343113676
Property_1,16,24,-60,0.405343113676
Property_1,16,24,-58,0.405343113676
Property_1,16,24,-56,0.405343113676
Property_1,16,24,-54,0.405343113676
Property_1,16,24,-52,0.405343113676
Property_1,16,24,-50,0.405343113676
Property_1,16,24,-48,0.405343113676
Property_1,16,24,-46,0.405343113676
Property_1,16,24,-44,0.405343113676
Property_1,16,24,-42,0.405343113676
Property_1,16,24,-40,0.405343113676
Property_1,16,24,-38,0.405343113676
Property_1,16,24,-36,0.405343113676
Property_1,16,24,-34,0.405343113676
Property_1,16,24,-32,0
Property_1,16,24,-30,0
Property_1,16,28,-70,0.471560846561
Property_1,16,28,-68,0.471560846561
Property_1,16,28,-66,0.471560846561
Property_1,16,28,-64,0.471560846561
Property_1,16,28,-62,0.471560846561
Property_1,16,28,-60,0.471560846561
Property_1,16,28,-58,0.471560846561
Property_1,16,28,-56,0.471560846561
Property_1,16,28,-54,0.471560846561
Property_1,16,28,-52,0.471560846561
Property_1,16,28,-50,0.471560846561
Property_1,16,28,-48,0.471560846561
Property_1,16,28,-46,0.471560846561
Property_1,16,28,-44,0.471560846561
Property_1,16,28,-42,0.471560846561
Property_1,16,28,-40,0.471560846561
Property_1,16,28,-38,0.471560846561
Property_1,16,28,-36,0.471560846561
Property_1,16,28,-34,0.471560846561
Property_1,16,28,-32,0
Property_1,16,28,-30,0
Property_1,16,32,-70,0.471560846561
Property_1,16,32,-68,0.471560846561
Property_1,16,32,-66,0.471560846561
Property_1,16,32,-64,0.471560846561
Property_1,16,32,-62,0.471560846561
Property_1,16,32,-60,0.471560846561
Property_1,16,32,-58,0.471560846561
Property_1,16,32,-56,0.471560846561
Property_1,16,32,-54,0.471560846561
Property_1,16,32,-52,0.471560846561
Property_1,16,32,-50,0.471560846561
Property_1,16,32,-48,0.471560846561
Property_1,16,32,-46,0.471560846561
Property_1,16,32,-44,0.471560846561
Property_1,16,32,-42,0.471560846561
Property_1,16,32,-40,0.471560846561
Property_1,16,32,-38,0.471560846561
Property_1,16,32,-36,0.471560846561
Property_1,16,32,-34,0.471560846561
Property_1,16,32,-32,0
Property_1,16,32,-30,0
Property_1,16,36,-70,0.471560846561
Property_1,16,36,-68,0.471560846561
Property_1,16,36,-66,0.471560846561
Property_1,16,36,-64,0.471560846561
Property_1,16,36,-62,0.471560846561
Property_1,16,36,-60,0.471560846561
Property_1,16,36,-58,0.471560846561
Property_1,16,36,-56,0.471560846561
Property_1,16,36,-54,0.471560846561
Property_1,16,36,-52,0.471560846561
Property_1,16,36,-50,0.471560846561
Property_1,16,36,-48,0.471560846561
Property_1,16,36,-46,0.471560846561
Property_1,16,36,-44,0.471560846561
Property_1,16,36,-42,0.471560846561
Property_1,16,36,-40,0.471560846561
Property_1,16,36,-38,0.471560846561
Property_1,16,36,-36,0.471560846561
Property_1,16,36,-34,0.471560846561
Property_1,16,36,-32,0
Property_1,16,36,-30,0
Property_1,18,12,-70,0
Property_1,18,12,-68,0
Property_1,18,12,-66,0
Property_1,18,12,-64,0
Property_1,18,12,-62,0
Property_1,18,12,-60,0
Property_1,18,12,-58,0
Property_1,18,12,-56,0
Property_1,18,12,-54,0
Property_1,18,12,-52,0
Property_1,18,12,-50,0
Property_1,18,12,-48,0
Property_1,18,12,-46,0
Property_1,18,12,-44,0
Property_1,18,12,-42,0
Property_1,18,12,-40,0
Property_1,18,12,-38,0
Property_1,18,12,-36,0
Property_1,18,12,-34,0
Property_1,18,12,-32,0
Property_1,18,12,-30,0
Property_1,18,16,-70,0
Property_1,18,16,-68,0
Property_1,18,16,-66,0
Property_1,18,16,-64,0
Property_1,18,16,-62,0
Property_1,18,16,-60,0
Property_1,18,16,-58,0
Property_1,18,16,-56,0
Property_1,18,16,-54,0
Property_1,18,16,-52,0
Property_1,18,16,-50,0
Property_1,18,16,-48,0
Property_1,18,16,-46,0
Property_1,18,16,-44,0
Property_1,18,16,-42,0
Property_1,18,16,-40,0
Property_1,18,16,-38,0
Property_1,18,16,-36,0
Property_1,18,16,-34,0
Property_1,18,16,-32,0
Property_1,18,16,-30,0
Property_1,18,20,-70,0.00937950937951
Property_1,18,20,-68,0.00937950937951
Property_1,18,20,-66,0.00937950937951
Property_1,18,20,-64,0.00937950937951
Property_1,18,20,-62,0.00937950937951
Property_1,18,20,-60,0.00937950937951
Property_1,18,20,-58,0.00937950937951
Property_1,18,20,-56,0.00937950937951
Property_1,18,20,-54,0.00937950937951
Property_1,18,20,-52,0.00937950937951
Property_1,18,20,-50,0.00937950937951
Property_1,18,20,-48,0.00937950937951
Property_1,18,20,-46,0.00937950937951
Property_1,18,20,-44,0.00937950937951
Property_1,18,20,-42,0.00937950937951
Property_1,18,20,-40,0.00937950937951
Property_1,18,20,-38,0.00937950937951
Property_1,18,20,-36,0.00937950937951
Property_1,18,20,-34,0.00937950937951
Property_1,18,20,-32,0
Property_1,18,20,-30,0
Property_1,18,24,-70,0.405343113676
Property_1,18,24,-68,0.405343113676
Property_1,18,24,-66,0.405343113676
Property_1,18,24,-64,0.405343113676
Property_1,18,24,-62,0.405343113676
Property_1,18,24,-60,0.405343113676
Property_1,18,24,-58,0.405343113676
Property_1,18,24,-56,0.405343113676
Property_1,18,24,-54,0.405343113676
Property_1,18,24,-52,0.405343113676
Property_1,18,24,-50,0.405343113676
Property_1,18,24,-48,0.405343113676
Property_1,18,24,-46,0.405343113676
Property_1,18,24,-44,0.405343113676
Property_1,18,24,-42,0.405343113676
Property_1,18,24,-40,0.405343113676
Property_1,18,24,-38,0.405343113676
Property_1,18,24,-36,0.405343113676
Property_1,18,24,-34,0.405343113676
Property_1,18,24,-32,0
Property_1,18,24,-30,0
Property_1,18,28,-70,0.471560846561
Property_1,18,28,-68,0.471560846561
Property_1,18,28,-66,0.471560846561
Property_1,18,28,-64,0.471560846561
Property_1,18,28,-62,0.471560846561
Property_1,18,28,-60,0.471560846561
Property_1,18,28,-58,0.471560846561
Property_1,18,28,-56,0.471560846561
Property_1,18,28,-54,0.471560846561
Property_1,18,28,-52,0.471560846561
Property_1,18,28,-50,0.471560846561
Property_1,18,28,-48,0.471560846561
Property_1,18,28,-46,0.471560846561
Property_1,18,28,-44,0.471560846561
Property_1,18,28,-42,0.471560846561
Property_1,18,28,-40,0.471560846561
Property_1,18,28,-38,0.471560846561
Property_1,18,28,-36,0.471560846561
Property_1,18,28,-34,0.471560846561
Property_1,18,28,-32,0
Property_1,18,28,-30,0
Property_1,18,32,-70,0.471560846561
Property_1,18,32,-68,0.471560846561
Property_1,18,32,-66,0.471560846561
Property_1,18,32,-64,0.471560846561
Property_1,18,32,-62,0.471560846561
Property_1,18,32,-60,0.471560846561
Property_1,18,32,-58,0.471560846561
Property_1,18,32,-56,0.471560846561
Property_1,18,32,-54,0.471560846561
Property_1,18,32,-52,0.471560846561
Property_1,18,32,-50,0.471560846561
Property_1,18,32,-48,0.471560846561
Property_1,18,32,-46,0.471560846561
Property_1,18,32,-44,0.471560846561
Property_1,18,32,-42,0.471560846561
Property_1,18,32,-40,0.471560846561
Property_1,18,32,-38,0.471560846561
Property_1,18,32,-36,0.471560846561
Property_1,18,32,-34,0.471560846561
Property_1,18,32,-32,0
Property_1,18,32,-30,0
Property_1,18,36,-70,0.471560846561
Property_1,18,36,-68,0.471560846561
Property_1,18,36,-66,0.471560846561
Property_1,18,36,-64,0.471560846561
Property_1,18,36,-62,0.471560846561
Property_1,18,36,-60,0.471560846561
Property_1,18,36,-58,0.471560846561
Property_1,18,36,-56,0.471560846561
Property_1,18,36,-54,0.471560846561
Property_1,18,36,-52,0.471560846561
Property_1,18,36,-50,0.471560846561
Property_1,18,36,-48,0.471560846561
Property_1,18,36,-46,0.471560846561
Property_1,18,36,-44,0.471560846561
Property_1,18,36,-42,0.471560846561
Property_1,18,36,-40,0.471560846561
Property_1,18,36,-38,0.471560846561
Property_1,18,36,-36,0.471560846561
Property_1,18,36,-34,0.471560846561
Property_1,18,36,-32,0
Property_1,18,36,-30,0
Property_1,20,12,-70,0
Property_1,20,12,-68,0
Property_1,20,12,-66,0
Property_1,20,12,-64,0
Property_1,20,12,-62,0
Property_1,20,12,-60,0
Property_1,20,12,-58,0
Property_1,20,12,-56,0
Property_1,20,12,-54,0
Property_1,20,12,-52,0
Property_1,20,12,-50,0
Property_1,20,12,-48,0
Property_1,20,12,-46,0
Property_1,20,12,-44,0
Property_1,20,12,-42,0
Property_1,20,12,-40,0
Property_1,20,12,-38,0
Property_1,20,12,-36,0
Property_1,20,12,-34,0
Property_1,20,12,-32,0
Property_1,20,12,-30,0
Property_1,20,16,-70,0
Property_1,20,16,-68,0
Property_1,20,16,-66,0
Property_1,20,16,-64,0
Property_1,20,16,-62,0
Property_1,20,16,-60,0
Property_1,20,16,-58,0
Property_1,20,16,-56,0
Property_1,20,16,-54,0
Property_1,20,16,-52,0
Property_1,20,16,-50,0
Property_1,20,16,-48,0
Property_1,20,16,-46,0
Property_1,20,16,-44,0
Property_1,20,16,-42,0
Property_1,20,16,-40,0
Property_1,20,16,-38,0
Property_1,20,16,-36,0
Property_1,20,16,-34,0
Property_1,20,16,-32,0
Property_1,20,16,-30,0
Property_1,20,20,-70,0.00937950937951
Property_1,20,20,-68,0.00937950937951
Property_1,20,20,-66,0.00937950937951
Property_1,20,20,-64,0.00937950937951
Property_1,20,20,-62,0.00937950937951
Property_1,20,20,-60,0.00937950937951
Property_1,20,20,-58,0.00937950937951
Property_1,20,20,-56,0.00937950937951
Property_1,20,20,-54,0.00937950937951
Property_1,20,20,-52,0.00937950937951
Property_1,20,20,-50,0.00937950937951
Property_1,20,20,-48,0.00937950937951
Property_1,20,20,-46,0.00937950937951
Property_1,20,20,-44,0.00937950937951
Property_1,20,20,-42,0.00937950937951
Property_1,20,20,-40,0.00937950937951
Property_1,20,20,-38,0.00937950937951
Property_1,20,20,-36,0.00937950937951
Property_1,20,20,-34,0.00937950937951
Property_1,20,20,-32,0
Property_1,20,20,-30,0
Property_1,20,24,-70,0.405027457111
Property_1,20,24,-68,0.405027457111
Property_1,20,24,-66,0.405027457111
Property_1,20,24,-64,0.405027457111
Property_1,20,24,-62,0.405027457111
Property_1,20,24,-60,0.405027457111
Property_1,20,24,-58,0.405027457111
Property_1,20,24,-56,0.405027457111
Property_1,20,24,-54,0.405027457111
Property_1,20,24,-52,0.405027457111
Property_1,20,24,-50,0.405027457111
Property_1,20,24,-48,0.405027457111
Property_1,20,24,-46,0.405027457111
Property_1,20,24,-44,0.405027457111
Property_1,20,24,-42,0.405027457111
Property_1,20,24,-40,0.405027457111
Property_1,20,24,-38,0.405027457111
Property_1,20,24,-36,0.405027457111
Property_1,20,24,-34,0.405027457111
Property_1,20,24,-32,0
Property_1,20,24,-30,0
Property_1,20,28,-70,0.471560846561
Property_1,20,28,-68,0.471560846561
Property_1,20,28,-66,0.471560846561
Property_1,20,28,-64,0.471560846561
Property_1,20,28,-62,0.471560846561
Property_1,20,28,-60,0.471560846561
Property_1,20,28,-58,0.471560846561
Property_1,20,28,-56,0.471560846561
Property_1,20,28,-54,0.471560846561
Property_1,20,28,-52,0.471560846561
Property_1,20,28,-50,0.471560846561
Property_1,20,28,-48,0.471560846561
Property_1,20,28,-46,0.471560846561
Property_1,20,28,-44,0.471560846561
Property_1,20,28,-42,0.471560846561
Property_1,20,28,-40,0.471560846561
Property_1,20,28,-38,0.471560846561
Property_1,20,28,-36,0.471560846561
Property_1,20,28,-34,0.471560846561
Property_1,20,28,-32,0
Property_1,20,28,-30,0
Property_1,20,32,-70,0.471560846561
Property_1,20,32,-68,0.471560846561
Property_1,20,32,-66,0.471560846561
Property_1,20,32,-64,0.471560846561
Property_1,20,32,-62,0.471560846561
Property_1,20,32,-60,0.471560846561
Property_1,20,32,-58,0.471560846561
Property_1,20,32,-56,0.471560846561
Property_1,20,32,-54,0.471560846561
Property_1,20,32,-52,0.471560846561
Property_1,20,32,-50,0.471560846561
Property_1,20,32,-48,0.471560846561
Property_1,20,32,-46,0.471560846561
Property_1,20,32,-44,0.471560846561
Property_1,20,32,-42,0.471560846561
Property_1,20,32,-40,0.471560846561
Property_1,20,32,-38,0.471560846561
Property_1,20,32,-36,0.471560846561
Property_1,20,32,-34,0.471560846561
Property_1,20,32,-32,0
Property_1,20,32,-30,0
Property_1,20,36,-70,0.471560846561
Property_1,20,36,-68,0.471560846561
Property_1,20,36,-66,0.471560846561
Property_1,20,36,-64,0.471560846561
Property_1,20,36,-62,0.471560846561
Property_1,20,36,-60,0.471560846561
Property_1,20,36,-58,0.471560846561
Property_1,20,36,-56,0.471560846561
Property_1,20,36,-54,0.471560846561
Property_1,20,36,-52,0.471560846561
Property_1,20,36,-50,0.471560846561
Property_1,20,36,-48,0.471560846561
Property_1,20,36,-46,0.471560846561
Property_1,20,36,-44,0.471560846561
Property_1,20,36,-42,0.471560846561
Property_1,20,36,-40,0.471560846561
Property_1,20,36,-38,0.471560846561
Property_1,20,36,-36,0.471560846561
Property_1,20,36,-34,0.471560846561
Property_1,20,36,-32,0
Property_1,20,36,-30,0
Property_1,22,12,-70,0
Property_1,22,12,-68,0
Property_1,22,12,-66,0
Property_1,22,12,-64,0
Property_1,22,12,-62,0
Property_1,22,12,-60,0
Property_1,22,12,-58,0
Property_1,22,12,-56,0
Property_1,22,12,-54,0
Property_1,22,12,-52,0
Property_1,22,12,-50,0
Property_1,22,12,-48,0
Property_1,22,12,-46,0
Property_1,22,12,-44,0
Property_1,22,12,-42,0
Property_1,22,12,-40,0
Property_1,22,12,-38,0
Property_1,22,12,-36,0
Property_1,22,12,-34,0
Property_1,22,12,-32,0
Property_1,22,12,-30,0
Property_1,22,16,-70,0
Property_1,22,16,-68,0
Property_1,22,16,-66,0
Property_1,22,16,-64,0
Property_1,22,16,-62,0
Property_1,22,16,-60,0
Property_1,22,16,-58,0
Property_1,22,16,-56,0
Property_1,22,16,-54,0
Property_1,22,16,-52,0
Property_1,22,16,-50,0
Property_1,22,16,-48,0
Property_1,22,16,-46,0
Property_1,22,16,-44,0
Property_1,22,16,-42,0
Property_1,22,16,-40,0
Property_1,22,16,-38,0
Property_1,22,16,-36,0
Property_1,22,16,-34,0
Property_1,22,16,-32,0
Property_1,22,16,-30,0
Property_1,22,20,-70,0.00937950937951
Property_1,22,20,-68,0.00937950937951
Property_1,22,20,-66,0.00937950937951
Property_1,22,20,-64,0.00937950937951
Property_1,22,20,-62,0.00937950937951
Property_1,22,20,-60,0.00937950937951
Property_1,22,20,-58,0.00937950937951
Property_1,22,20,-56,0.00937950937951
Property_1,22,20,-54,0.00937950937951
Property_1,22,20,-52,0.00937950937951
Property_1,22,20,-50,0.00937950937951
Property_1,22,20,-48,0.00937950937951
Property_1,22,20,-46,0.00937950937951
Property_1,22,20,-44,0.00937950937951
Property_1,22,20,-42,0.00937950937951
Property_1,22,20,-40,0.00937950937951
Property_1,22,20,-38,0.00937950937951
Property_1,22,20,-36,0.00937950937951
Property_1,22,20,-34,0.00937950937951
Property_1,22,20,-32,0
Property_1,22,20,-30,0
Property_1,22,24,-70,0.309523809524
Property_1,22,24,-68,0.309523809524
Property_1,22,24,-66,0.309523809524
Property_1,22,24,-64,0.309523809524
Property_1,22,24,-62,0.309523809524
Property_1,22,24,-60,0.309523809524
Property_1,22,24,-58,0.309523809524
Property_1,22,24,-56,0.309523809524
Property_1,22,24,-54,0.309523809524
Property_1,22,24,-52,0.309523809524
Property_1,22,24,-50,0.309523809524
Property_1,22,24,-48,0.309523809524
Property_1,22,24,-46,0.309523809524
Property_1,22,24,-44,0.309523809524
Property_1,22,24,-42,0.309523809524
Property_1,22,24,-40,0.309523809524
Property_1,22,24,-38,0.309523809524
Property_1,22,24,-36,0.309523809524
Property_1,22,24,-34,0.309523809524
Property_1,22,24,-32,0
Property_1,22,24,-30,0
Property_1,22,28,-70,0.309523809524
Property_1,22,28,-68,0.309523809524
Property_1,22,28,-66,0.309523809524
Property_1,22,28,-64,0.309523809524
Property_1,22,28,-62,0.309523809524
Property_1,22,28,-60,0.309523809524
Property_1,22,28,-58,0.309523809524
Property_1,22,28,-56,0.309523809524
Property_1,22,28,-54,0.309523809524
Property_1,22,28,-52,0.309523809524
Property_1,22,28,-50,0.309523809524
Property_1,22,28,-48,0.309523809524
Property_1,22,28,-46,0.309523809524
Property_1,22,28,-44,0.309523809524
Property_1,22,28,-42,0.309523809524
Property_1,22,28,-40,0.309523809524
Property_1,22,28,-38,0.309523809524
Property_1,22,28,-36,0.309523809524
Property_1,22,28,-34,0.309523809524
Property_1,22,28,-32,0
Property_1,22,28,-30,0
Property_1,22,32,-70,0.309523809524
Property_1,22,32,-68,0.309523809524
Property_1,22,32,-66,0.309523809524
Property_1,22,32,-64,0.309523809524
Property_1,22,32,-62,0.309523809524
Property_1,22,32,-60,0.309523809524
Property_1,22,32,-58,0.309523809524
Property_1,22,32,-56,0.309523809524
Property_1,22,32,-54,0.309523809524
Property_1,22,32,-52,0.309523809524
Property_1,22,32,-50,0.309523809524
Property_1,22,32,-48,0.309523809524
Property_1,22,32,-46,0.309523809524
Property_1,22,32,-44,0.309523809524
Property_1,22,32,-42,0.309523809524
Property_1,22,32,-40,0.309523809524
Property_1,22,32,-38,0.309523809524
Property_1,22,32,-36,0.309523809524
Property_1,22,32,-34,0.309523809524
Property_1,22,32,-32,0
Property_1,22,32,-30,0
Property_1,22,36,-70,0.309523809524
Property_1,22,36,-68,0.309523809524
Property_1,22,36,-66,0.309523809524
Property_1,22,36,-64,0.309523809524
Property_1,22,36,-62,0.309523809524
Property_1,22,36,-60,0.309523809524
Property_1,22,36,-58,0.309523809524
Property_1,22,36,-56,0.309523809524
Property_1,22,36,-54,0.309523809524
Property_1,22,36,-52,0.309523809524
Property_1,22,36,-50,0.309523809524
Property_1,22,36,-48,0.309523809524
Property_1,22,36,-46,0.309523809524
Property_1,22,36,-44,0.309523809524
Property_1,22,36,-42,0.309523809524
Property_1,22,36,-40,0.309523809524
Property_1,22,36,-38,0.309523809524
Property_1,22,36,-36,0.309523809524
Property_1,22,36,-34,0.309523809524
Property_1,22,36,-32,0
Property_1,22,36,-30,0
Property_1,24,12,-70,0
Property_1,24,12,-68,0
Property_1,24,12,-66,0
Property_1,24,12,-64,0
Property_1,24,12,-62,0
Property_1,24,12,-60,0
Property_1,24,12,-58,0
Property_1,24,12,-56,0
Property_1,24,12,-54,0
Property_1,24,12,-52,0
Property_1,24,12,-50,0
Property_1,24,12,-48,0
Property_1,24,12,-46,0
Property_1,24,12,-44,0
Property_1,24,12,-42,0
Property_1,24,12,-40,0
Property_1,24,12,-38,0
Property_1,24,12,-36,0
Property_1,24,12,-34,0
Property_1,24,12,-32,0
Property_1,24,12,-30,0
Property_1,24,16,-70,0
Property_1,24,16,-68,0
Property_1,24,16,-66,0
Property_1,24,16,-64,0
Property_1,24,16,-62,0
Property_1,24,16,-60,0
Property_1,24,16,-58,0
Property_1,24,16,-56,0
Property_1,24,16,-54,0
Property_1,24,16,-52,0
Property_1,24,16,-50,0
Property_1,24,16,-48,0
Property_1,24,16,-46,0
Property_1,24,16,-44,0
Property_1,24,16,-42,0
Property_1,24,16,-40,0
Property_1,24,16,-38,0
Property_1,24,16,-36,0
Property_1,24,16,-34,0
Property_1,24,16,-32,0
Property_1,24,16,-30,0
Property_1,24,20,-70,0.00937950937951
Property_1,24,20,-68,0.00937950937951
Property_1,24,20,-66,0.00937950937951
Property_1,24,20,-64,0.00937950937951
Property_1,24,20,-62,0.00937950937951
Property_1,24,20,-60,0.00937950937951
Property_1,24,20,-58,0.00937950937951
Property_1,24,20,-56,0.00937950937951
Property_1,24,20,-54,0.00937950937951
Property_1,24,20,-52,0.00937950937951
Property_1,24,20,-50,0.00937950937951
Property_1,24,20,-48,0.00937950937951
Property_1,24,20,-46,0.00937950937951
Property_1,24,20,-44,0.00937950937951
Property_1,24,20,-42,0.00937950937951
Property_1,24,20,-40,0.00937950937951
Property_1,24,20,-38,0.00937950937951
Property_1,24,20,-36,0.00937950937951
Property_1,24,20,-34,0.00937950937951
Property_1,24,20,-32,0
Property_1,24,20,-30,0
Property_1,24,24,-70,0.309523809524
Property_1,24,24,-68,0.309523809524
Property_1,24,24,-66,0.309523809524
Property_1,24,24,-64,0.309523809524
Property_1,24,24,-62,0.309523809524
Property_1,24,24,-60,0.309523809524
Property_1,24,24,-58,0.309523809524
Property_1,24,24,-56,0.309523809524
Property_1,24,24,-54,0.309523809524
Property_1,24,24,-52,0.309523809524
Property_1,24,24,-50,0.309523809524
Property_1,24,24,-48,0.309523809524
Property_1,24,24,-46,0.309523809524
Property_1,24,24,-44,0.309523809524
Property_1,24,24,-42,0.309523809524
Property_1,24,24,-40,0.309523809524
Property_1,24,24,-38,0.309523809524
Property_1,24,24,-36,0.309523809524
Property_1,24,24,-34,0.309523809524
Property_1,24,24,-32,0
Property_1,24,24,-30,0
Property_1,24,28,-70,0.309523809524
Property_1,24,28,-68,0.309523809524
Property_1,24,28,-66,0.309523809524
Property_1,24,28,-64,0.309523809524
Property_1,24,28,-62,0.309523809524
Property_1,24,28,-60,0.309523809524
Property_1,24,28,-58,0.309523809524
Property_1,24,28,-56,0.309523809524
Property_1,24,28,-54,0.309523809524
Property_1,24,28,-52,0.309523809524
Property_1,24,28,-50,0.309523809524
Property_1,24,28,-48,0.309523809524
Property_1,24,28,-46,0.309523809524
Property_1,24,28,-44,0.309523809524
Property_1,24,28,-42,0.309523809524
Property_1,24,28,-40,0.309523809524
Property_1,24,28,-38,0.309523809524
Property_1,24,28,-36,0.309523809524
Property_1,24,28,-34,0.309523809524
Property_1,24,28,-32,0
Property_1,24,28,-30,0
Property_1,24,32,-70,0.309523809524
Property_1,24,32,-68,0.309523809524
Property_1,24,32,-66,0.309523809524
Property_1,24,32,-64,0.309523809524
Property_1,24,32,-62,0.309523809524
Property_1,24,32,-60,0.309523809524
Property_1,24,32,-58,0.309523809524
Property_1,24,32,-56,0.309523809524
Property_1,24,32,-54,0.309523809524
Property_1,24,32,-52,0.309523809524
Property_1,24,32,-50,0.309523809524
Property_1,24,32,-48,0.309523809524
Property_1,24,32,-46,0.309523809524
Property_1,24,32,-44,0.309523809524
Property_1,24,32,-42,0.309523809524
Property_1,24,32,-40,0.309523809524
Property_1,24,32,-38,0.309523809524
Property_1,24,32,-36,0.309523809524
Property_1,24,32,-34,0.309523809524
Property_1,24,32,-32,0
Property_1,24,32,-30,0
Property_1,24,36,-70,0.309523809524
Property_1,24,36,-68,0.309523809524
Property_1,24,36,-66,0.309523809524
Property_1,24,36,-64,0.309523809524
Property_1,24,36,-62,0.309523809524
Property_1,24,36,-60,0.309523809524
Property_1,24,36,-58,0.309523809524
Property_1,24,36,-56,0.309523809524
Property_1,24,36,-54,0.309523809524
Property_1,24,36,-52,0.309523809524
Property_1,24,36,-50,0.309523809524
Property_1,24,36,-48,0.309523809524
Property_1,24,36,-46,0.309523809524
Property_1,24,36,-44,0.309523809524
Property_1,24,36,-42,0.309523809524
Property_1,24,36,-40,0.309523809524
Property_1,24,36,-38,0.309523809524
Property_1,24,36,-36,0.309523809524
Property_1,24,36,-34,0.309523809524
Property_1,24,36,-32,0
Property_1,24,36,-30,0
Property_1,26,12,-70,0
Property_1,26,12,-68,0
Property_1,26,12,-66,0
Property_1,26,12,-64,0
Property_1,26,12,-62,0
Property_1,26,12,-60,0
Property_1,26,12,-58,0
Property_1,26,12,-56,0
Property_1,26,12,-54,0
Property_1,26,12,-52,0
Property_1,26,12,-50,0
Property_1,26,12,-48,0
Property_1,26,12,-46,0
Property_1,26,12,-44,0
Property_1,26,12,-42,0
Property_1,26,12,-40,0
Property_1,26,12,-38,0
Property_1,26,12,-36,0
Property_1,26,12,-34,0
Property_1,26,12,-32,0
Property_1,26,12,-30,0
Property_1,26,16,-70,0
Property_1,26,16,-68,0
Property_1,26,16,-66,0
Property_1,26,16,-64,0
Property_1,26,16,-62,0
Property_1,26,16,-60,0
Property_1,26,16,-58,0
Property_1,26,16,-56,0
Property_1,26,16,-54,0
Property_1,26,16,-52,0
Property_1,26,16,-50,0
Property_1,26,16,-48,0
Property_1,26,16,-46,0
Property_1,26,16,-44,0
Property_1,26,16,-42,0
Property_1,26,16,-40,0
Property_1,26,16,-38,0
Property_1,26,16,-36,0
Property_1,26,16,-34,0
Property_1,26,16,-32,0
Property_1,26,16,-30,0
Property_1,26,20,-70,0.00937950937951
Property_1,26,20,-68,0.00937950937951
Property_1,26,20,-66,0.00937950937951
Property_1,26,20,-64,0.00937950937951
Property_1,26,20,-62,0.00937950937951
Property_1,26,20,-60,0.00937950937951
Property_1,26,20,-58,0.00937950937951
Property_1,26,20,-56,0.00937950937951
Property_1,26,20,-54,0.00937950937951
Property_1,26,20,-52,0.00937950937951
Property_1,26,20,-50,0.00937950937951
Property_1,26,20,-48,0.00937950937951
Property_1,26,20,-46,0.00937950937951
Property_1,26,20,-44,0.00937950937951
Property_1,26,20,-42,0.00937950937951
Property_1,26,20,-40,0.00937950937951
Property_1,26,20,-38,0.00937950937951
Property_1,26,20,-36,0.00937950937951
Property_1,26,20,-34,0.00937950937951
Property_1,26,20,-32,0
Property_1,26,20,-30,0
Property_1,26,24,-70,0.309523809524
Property_1,26,24,-68,0.309523809524
Property_1,26,24,-66,0.309523809524
Property_1,26,24,-64,0.309523809524
Property_1,26,24,-62,0.309523809524
Property_1,26,24,-60,0.309523809524
Property_1,26,24,-58,0.309523809524
Property_1,26,24,-56,0.309523809524
Property_1,26,24,-54,0.309523809524
Property_1,26,24,-52,0.309523809524
Property_1,26,24,-50,0.309523809524
Property_1,26,24,-48,0.309523809524
Property_1,26,24,-46,0.309523809524
Property_1,26,24,-44,0.309523809524
Property_1,26,24,-42,0.309523809524
Property_1,26,24,-40,0.309523809524
Property_1,26,24,-38,0.309523809524
Property_1,26,24,-36,0.309523809524
Property_1,26,24,-34,0.309523809524
Property_1,26,24,-32,0
Property_1,26,24,-30,0
Property_1,26,28,-70,0.309523809524
Property_1,26,28,-68,0.309523809524
Property_1,26,28,-66,0.309523809524
Property_1,26,28,-64,0.309523809524
Property_1,26,28,-62,0.309523809524
Property_1,26,28,-60,0.309523809524
Property_1,26,28,-58,0.309523809524
Property_1,26,28,-56,0.309523809524
Property_1,26,28,-54,0.309523809524
Property_1,26,28,-52,0.309523809524
Property_1,26,28,-50,0.309523809524
Property_1,26,28,-48,0.309523809524
Property_1,26,28,-46,0.309523809524
Property_1,26,28,-44,0.309523809524
Property_1,26,28,-42,0.309523809524
Property_1,26,28,-40,0.309523809524
Property_1,26,28,-38,0.309523809524
Property_1,26,28,-36,0.309523809524
Property_1,26,28,-34,0.309523809524
Property_1,26,28,-32,0
Property_1,26,28,-30,0
Property_1,26,32,-70,0.309523809524
Property_1,26,32,-68,0.309523809524
Property_1,26,32,-66,0.309523809524
Property_1,26,32,-64,0.309523809524
Property_1,26,32,-62,0.309523809524
Property_1,26,32,-60,0.309523809524
Property_1,26,32,-58,0.309523809524
Property_1,26,32,-56,0.309523809524
Property_1,26,32,-54,0.309523809524
Property_1,26,32,-52,0.309523809524
Property_1,26,32,-50,0.309523809524
Property_1,26,32,-48,0.309523809524
Property_1,26,32,-46,0.309523809524
Property_1,26,32,-44,0.309523809524
Property_1,26,32,-42,0.309523809524
Property_1,26,32,-40,0.309523809524
Property_1,26,32,-38,0.309523809524
Property_1,26,32,-36,0.309523809524
Property_1,26,32,-34,0.309523809524
Property_1,26,32,-32,0
Property_1,26,32,-30,0
Property_1,26,36,-70,0.309523809524
Property_1,26,36,-68,0.309523809524
Property_1,26,36,-66,0.309523809524
Property_1,26,36,-64,0.309523809524
Property_1,26,36,-62,0.309523809524
Property_1,26,36,-60,0.309523809524
Property_1,26,36,-58,0.309523809524
Property_1,26,36,-56,0.309523809524
Property_1,26,36,-54,0.309523809524
Property_1,26,36,-52,0.309523809524
Property_1,26,36,-50,0.309523809524
Property_1,26,36,-48,0.309523809524
Property_1,26,36,-46,0.309523809524
Property_1,26,36,-44,0.309523809524
Property_1,26,36,-42,0.309523809524
Property_1,26,36,-40,0.309523809524
Property_1,26,36,-38,0.309523809524
Property_1,26,36,-36,0.309523809524
Property_1,26,36,-34,0.309523809524
Property_1,26,36,-32,0
Property_1,26,36,-30,0
Property_1,28,12,-70,0
Property_1,28,12,-68,0
Property_1,28,12,-66,0
Property_1,28,12,-64,0
Property_1,28,12,-62,0
Property_1,28,12,-60,0
Property_1,28,12,-58,0
Property_1,28,12,-56,0
Property_1,28,12,-54,0
Property_1,28,12,-52,0
Property_1,28,12,-50,0
Property_1,28,12,-48,0
Property_1,28,12,-46,0
Property_1,28,12,-44,0
Property_1,28,12,-42,0
Property_1,28,12,-40,0
Property_1,28,12,-38,0
Property_1,28,12,-36,0
Property_1,28,12,-34,0
Property_1,28,12,-32,0
Property_1,28,12,-30,0
Property_1,28,16,-70,0
Property_1,28,16,-68,0
Property_1,28,16,-66,0
Property_1,28,16,-64,0
Property_1,28,16,-62,0
Property_1,28,16,-60,0
Property_1,28,16,-58,0
Property_1,28,16,-56,0
Property_1,28,16,-54,0
Property_1,28,16,-52,0
Property_1,28,16,-50,0
Property_1,28,16,-48,0
Property_1,28,16,-46,0
Property_1,28,16,-44,0
Property_1,28,16,-42,0
Property_1,28,16,-40,0
Property_1,28,16,-38,0
Property_1,28,16,-36,0
Property_1,28,16,-34,0
Property_1,28,16,-32,0
Property_1,28,16,-30,0
Property_1,28,20,-70,0.00937950937951
Property_1,28,20,-68,0.00937950937951
Property_1,28,20,-66,0.00937950937951
Property_1,28,20,-64,0.00937950937951
Property_1,28,20,-62,0.00937950937951
Property_1,28,20,-60,0.00937950937951
Property_1,28,20,-58,0.00937950937951
Property_1,28,20,-56,0.00937950937951
Property_1,28,20,-54,0.00937950937951
Property_1,28,20,-52,0.00937950937951
Property_1,28,20,-50,0.00937950937951
Property_1,28,20,-48,0.00937950937951
Property_1,28,20,-46,0.00937950937951
Property_1,28,20,-44,0.00937950937951
Property_1,28,20,-42,0.00937950937951
Property_1,28,20,-40,0.00937950937951
Property_1,28,20,-38,0.00937950937951
Property_1,28,20,-36,0.00937950937951
Property_1,28,20,-34,0.00937950937951
Property_1,28,20,-32,0
Property_1,28,20,-30,0
Property_1,28,24,-70,0.309523809524
Property_1,28,24,-68,0.309523809524
Property_1,28,24,-66,0.309523809524
Property_1,28,24,-64,0.309523809524
Property_1,28,24,-62,0.309523809524
Property_1,28,24,-60,0.309523809524
Property_1,28,24,-58,0.309523809524
Property_1,28,24,-56,0.309523809524
Property_1,28,24,-54,0.309523809524
Property_1,28,24,-52,0.309523809524
Property_1,28,24,-50,0.309523809524
Property_1,28,24,-48,0.309523809524
Property_1,28,24,-46,0.309523809524
Property_1,28,24,-44,0.309523809524
Property_1,28,24,-42,0.309523809524
Property_1,28,24,-40,0.309523809524
Property_1,28,24,-38,0.309523809524
Property_1,28,24,-36,0.309523809524
Property_1,28,24,-34,0.309523809524
Property_1,28,24,-32,0
Property_1,28,24,-30,0
Property_1,28,28,-70,0.309523809524
Property_1,28,28,-68,0.309523809524
Property_1,28,28,-66,0.309523809524
Property_1,28,28,-64,0.309523809524
Property_1,28,28,-62,0.309523809524
Property_1,28,28,-60,0.309523809524
Property_1,28,28,-58,0.309523809524
Property_1,28,28,-56,0.309523809524
Property_1,28,28,-54,0.309523809524
Property_1,28,28,-52,0.309523809524
Property_1,28,28,-50,0.309523809524
Property_1,28,28,-48,0.309523809524
Property_1,28,28,-46,0.309523809524
Property_1,28,28,-44,0.309523809524
Property_1,28,28,-42,0.309523809524
Property_1,28,28,-40,0.309523809524
Property_1,28,28,-38,0.309523809524
Property_1,28,28,-36,0.309523809524
Property_1,28,28,-34,0.309523809524
Property_1,28,28,-32,0
Property_1,28,28,-30,0
Property_1,28,32,-70,0.309523809524
Property_1,28,32,-68,0.309523809524
Property_1,28,32,-66,0.309523809524
Property_1,28,32,-64,0.309523809524
Property_1,28,32,-62,0.309523809524
Property_1,28,32,-60,0.309523809524
Property_1,28,32,-58,0.309523809524
Property_1,28,32,-56,0.309523809524
Property_1,28,32,-54,0.309523809524
Property_1,28,32,-52,0.309523809524
Property_1,28,32,-50,0.309523809524
Property_1,28,32,-48,0.309523809524
Property_1,28,32,-46,0.309523809524
Property_1,28,32,-44,0.309523809524
Property_1,28,32,-42,0.309523809524
Property_1,28,32,-40,0.309523809524
Property_1,28,32,-38,0.309523809524
Property_1,28,32,-36,0.309523809524
Property_1,28,32,-34,0.309523809524
Property_1,28,32,-32,0
Property_1,28,32,-30,0
Property_1,28,36,-70,0.309523809524
Property_1,28,36,-68,0.309523809524
Property_1,28,36,-66,0.309523809524
Property_1,28,36,-64,0.309523809524
Property_1,28,36,-62,0.309523809524
Property_1,28,36,-60,0.309523809524
Property_1,28,36,-58,0.309523809524
Property_1,28,36,-56,0.309523809524
Property_1,28,36,-54,0.309523809524
Property_1,28,36,-52,0.309523809524
Property_1,28,36,-50,0.309523809524
Property_1,28,36,-48,0.309523809524
Property_1,28,36,-46,0.309523809524
Property_1,28,36,-44,0.309523809524
Property_1,28,36,-42,0.309523809524
Property_1,28,36,-40,0.309523809524
Property_1,28,36,-38,0.309523809524
Property_1,28,36,-36,0.309523809524
Property_1,28,36,-34,0.309523809524
Property_1,28,36,-32,0
Property_1,28,36,-30,0
Property_1,30,12,-70,0
Property_1,30,12,-68,0
Property_1,30,12,-66,0
Property_1,30,12,-64,0
Property_1,30,12,-62,0
Property_1,30,12,-60,0
Property_1,30,12,-58,0
Property_1,30,12,-56,0
Property_1,30,12,-54,0
Property_1,30,12,-52,0
Property_1,30,12,-50,0
Property_1,30,12,-48,0
Property_1,30,12,-46,0
Property_1,30,12,-44,0
Property_1,30,12,-42,0
Property_1,30,12,-40,0
Property_1,30,12,-38,0
Property_1,30,12,-36,0
Property_1,30,12,-34,0
Property_1,30,12,-32,0
Property_1,30,12,-30,0
Property_1,30,16,-70,0
Property_1,30,16,-68,0
Property_1,30,16,-66,0
Property_1,30,16,-64,0
Property_1,30,16,-62,0
Property_1,30,16,-60,0
Property_1,30,16,-58,0
Property_1,30,16,-56,0
Property_1,30,16,-54,0
Property_1,30,16,-52,0
Property_1,30,16,-50,0
Property_1,30,16,-48,0
Property_1,30,16,-46,0
Property_1,30,16,-44,0
Property_1,30,16,-42,0
Property_1,30,16,-40,0
Property_1,30,16,-38,0
Property_1,30,16,-36,0
Property_1,30,16,-34,0
Property_1,30,16,-32,0
Property_1,30,16,-30,0
Property_1,30,20,-70,0.00937950937951
Property_1,30,20,-68,0.00937950937951
Property_1,30,20,-66,0.00937950937951
Property_1,30,20,-64,0.00937950937951
Property_1,30,20,-62,0.00937950937951
Property_1,30,20,-60,0.00937950937951
Property_1,30,20,-58,0.00937950937951
Property_1,30,20,-56,0.00937950937951
Property_1,30,20,-54,0.00937950937951
Property_1,30,20,-52,0.00937950937951
Property_1,30,20,-50,0.00937950937951
Property_1,30,20,-48,0.00937950937951
Property_1,30,20,-46,0.00937950937951
Property_1,30,20,-44,0.00937950937951
Property_1,30,20,-42,0.00937950937951
Property_1,30,20,-40,0.00937950937951
Property_1,30,20,-38,0.00937950937951
Property_1,30,20,-36,0.00937950937951
Property_1,30,20,-34,0.00937950937951
Property_1,30,20,-32,0
Property_1,30,20,-30,0
Property_1,30,24,-70,0.309523809524
Property_1,30,24,-68,0.309523809524
Property_1,30,24,-66,0.309523809524
Property_1,30,24,-64,0.309523809524
Property_1,30,24,-62,0.309523809524
Property_1,30,24,-60,0.309523809524
Property_1,30,24,-58,0.309523809524
Property_1,30,24,-56,0.309523809524
Property_1,30,24,-54,0.309523809524
Property_1,30,24,-52,0.309523809524
Property_1,30,24,-50,0.309523809524
Property_1,30,24,-48,0.309523809524
Property_1,30,24,-46,0.309523809524
Property_1,30,24,-44,0.309523809524
Property_1,30,24,-42,0.309523809524
Property_1,30,24,-40,0.309523809524
Property_1,30,24,-38,0.309523809524
Property_1,30,24,-36,0.309523809524
Property_1,30,24,-34,0.309523809524
Property_1,30,24,-32,0
Property_1,30,24,-30,0
Property_1,30,28,-70,0.309523809524
Property_1,30,28,-68,0.309523809524
Property_1,30,28,-66,0.309523809524
Property_1,30,28,-64,0.309523809524
Property_1,30,28,-62,0.309523809524
Property_1,30,28,-60,0.309523809524
Property_1,30,28,-58,0.309523809524
Property_1,30,28,-56,0.309523809524
Property_1,30,28,-54,0.309523809524
Property_1,30,28,-52,0.309523809524
Property_1,30,28,-50,0.309523809524
Property_1,30,28,-48,0.309523809524
Property_1,30,28,-46,0.309523809524
Property_1,30,28,-44,0.309523809524
Property_1,30,28,-42,0.309523809524
Property_1,30,28,-40,0.309523809524
Property_1,30,28,-38,0.309523809524
Property_1,30,28,-36,0.309523809524
Property_1,30,28,-34,0.309523809524
Property_1,30,28,-32,0
Property_1,30,28,-30,0
Property_1,30,32,-70,0.309523809524
Property_1,30,32,-68,0.309523809524
Property_1,30,32,-66,0.309523809524
Property_1,30,32,-64,0.309523809524
Property_1,30,32,-62,0.309523809524
Property_1,30,32,-60,0.309523809524
Property_1,30,32,-58,0.309523809524
Property_1,30,32,-56,0.309523809524
Property_1,30,32,-54,0.309523809524
Property_1,30,32,-52,0.309523809524
Property_1,30,32,-50,0.309523809524
Property_1,30,32,-48,0.309523809524
Property_1,30,32,-46,0.309523809524
Property_1,30,32,-44,0.309523809524
Property_1,30,32,-42,0.309523809524
Property_1,30,32,-40,0.309523809524
Property_1,30,32,-38,0.309523809524
Property_1,30,32,-36,0.309523809524
Property_1,30,32,-34,0.309523809524
Property_1,30,32,-32,0
Property_1,30,32,-30,0
Property_1,30,36,-70,0.309523809524
Property_1,30,36,-68,0.309523809524
Property_1,30,36,-66,0.309523809524
Property_1,30,36,-64,0.309523809524
Property_1,30,36,-62,0.309523809524
Property_1,30,36,-60,0.309523809524
Property_1,30,36,-58,0.309523809524
Property_1,30,36,-56,0.309523809524
Property_1,30,36,-54,0.309523809524
Property_1,30,36,-52,0.309523809524
Property_1,30,36,-50,0.309523809524
Property_1,30,36,-48,0.309523809524
Property_1,30,36,-46,0.309523809524
Property_1,30,36,-44,0.309523809524
Property_1,30,36,-42,0.309523809524
Property_1,30,36,-40,0.309523809524
Property_1,30,36,-38,0.309523809524
Property_1,30,36,-36,0.309523809524
Property_1,30,36,-34,0.309523809524
Property_1,30,36,-32,0
Property_1,30,36,-30,0
